120   1.436856e+07
180   1.436856e+07
240   1.436856e+07
300   1.436856e+07
360   1.436856e+07
420   1.436856e+07
480   8468532     
540   8468532     
600   6231374     
660   5646151     
720   4532750     
780   1736492     
840   1736492     
900   1650746     
960   1650746     
1020   1451088     
1080   1451088     
1140   499279.7    
1200   477355.6    
1260   477355.6    
1320   477355.6    
1380   477355.6    
1440   477355.6    
1500   477355.6    
1560   477355.6    
1620   477355.6    
1680   348519.1    
1740   348519.1    
1800   348519.1    
1860   264384.9    
1920   264384.9    
1980   264384.9    
2040   179340.1    
2100   179340.1    
2160   160355.4    
2220   160355.4    
2280   140051.6    
2340   140051.6    
2400   140051.6    
2460   123963.1    
2520   61029       
2580   61029       
2640   61029       
2700   61029       
2760   61029       
2820   61029       
2880   61029       
2940   61029       
3000   61029       
3060   40283.09    
3120   19746.12    
3180   19746.12    
3240   19746.12    
3300   19746.12    
3360   19746.12    
3420   15108.26    
3480   10201.44    
3540   9534.415    
3600   9534.415    
3660   9534.415    
3720   9534.415    
3780   9534.415    
3840   9534.415    
3900   6799.42     
3960   6265.526    
4020   6265.526    
4080   6265.526    
4140   2293.755    
4200   998.6204    
4260   998.6204    
4320   998.6204    
4380   998.6204    
4440   998.6204    
4500   998.6204    
4560   998.6204    
4620   998.6204    
4680   998.6204    
4740   998.6204    
4800   998.6204    
4860   998.6204    
4920   998.6204    
4980   702.4941    
5040   392.9112    
5100   392.9112    
5160   392.9112    
5220   392.9112    
5280   392.9112    
5340   392.9112    
5400   346.8527    
5460   346.8527    
5520   346.8527    
5580   320.5622    
5640   208.8746    
5700   208.8746    
5760   208.8746    
5820   208.8746    
5880   208.8746    
5940   208.8746    
6000   173.2711    
6060   122.9927    
6120   122.9927    
6180   68.79729    
6240   68.79729    
6300   68.79729    
6360   47.61535    
6420   47.61535    
6480   39.13178    
6540   14.98916    
6600   14.98916    
6660   14.52386    
6720   14.52386    
6780   14.52386    
6840   12.70919    
6900   7.802983    
6960   7.802983    
7020   7.802983    
7080   7.802983    
7140   7.802983    
7200   7.802983    
7260   7.802983    
7320   6.528471    
7380   6.528471    
7440   6.528471    
7500   5.480497    
7560   2.744535    
7620   2.744535    
7680   2.744535    
7740   2.744535    
7800   1.759816    
7860   1.759816    
7920   1.759816    
7980   1.759816    
8040   1.744845    
8100   1.744845    
8160   1.632616    
8220   1.140438    
8280   1.140438    
8340   0.5967608   
8400   0.5967608   
8460   0.5967608   
8520   0.5967608   
8580   0.5967608   
8640   0.5967608   
8700   0.5193923   
8760   0.5193923   
8820   0.3589099   
8880   0.3589099   
8940   0.3589099   
9000   0.1925544   
9060   0.1925544   
9120   0.1925544   
9180   0.1925544   
9240   0.1925544   
9300   0.06300385  
9360   0.06300385  
9420   0.06300385  
9480   0.06300385  
9540   0.06300385  
9600   0.05206137  
9660   0.05206137  
9720   0.05206137  
9780   0.05206137  
9840   0.05206137  
9900   0.05206137  
9960   0.05206137  
10020   0.05206137  
10080   0.05206137  
10140   0.05206137  
10200   0.05206137  
10260   0.05206137  
10320   0.05206137  
10380   0.05206137  
10440   0.05206137  
10500   0.05206137  
10560   0.05206137  
10620   0.05206137  
10680   0.05206137  
10740   0.05206137  
10800   0.05206137  
10860   0.05206137  
10920   0.05206137  
10980   0.05206137  
11040   0.05206137  
11100   0.05206137  
11160   0.05206137  
11220   0.01605582  
11280   0.01605582  
11340   0.01605582  
11400   0.01331128  
11460   0.01331128  
11520   0.01331128  
11580   0.01331128  
11640   0.01331128  
11700   0.01331128  
11760   0.01331128  
11820   0.01331128  
11880   0.009105567 
11940   0.009105567 
12000   0.009105567 
12060   0.009105567 
12120   0.009105567 
12180   0.009105567 
12240   0.009105567 
12300   0.009105567 
12360   0.009105567 
12420   0.009105567 
12480   0.009105567 
12540   0.009105567 
12600   0.009105567 
12660   0.009105567 
12720   0.009105567 
12780   0.009105567 
12840   0.009105567 
12900   0.009105567 
12960   0.00824259  
13020   0.00754158  
13080   0.00754158  
13140   0.00754158  
13200   0.006034567 
13260   0.006034567 
13320   0.006034567 
13380   0.005717355 
13440   0.005717355 
13500   0.00422141  
13560   0.00422141  
13620   0.00422141  
13680   0.002636514 
13740   0.002636514 
13800   0.002636514 
13860   0.002636514 
13920   0.001645483 
13980   0.001645483 
14040   0.001645483 
14100   0.001645483 
14160   0.001645483 
14220   0.001645483 
14280   0.001645483 
14340   0.001645483 
14400   0.001645483 
14460   0.001645483 
14520   0.0005489188
14580   0.0005489188
14640   0.0005489188
14700   0.0005489188
14760   0.0005489188
14820   0.0004059693
14880   0.0004059693
14940   0.0004059693
15000   0.0004059693
15060   0.0004059693
15120   0.0004059693
15180   0.0004059693
15240   0.0004059693
15300   0.000391253 
15360   0.000391253 
15420   0.000391253 
15480   0.000391253 
15540   0.000391253 
15600   0.000391253 
15660   0.000391253 
15720   0.000391253 
15780   0.0003246157
15840   0.0003246157
15900   0.0003246157
15960   0.0002963523
16020   0.0001882289
16080   0.0001450194
16140   0.0001450194
16200   0.0001450194
16260   0.0001067706
16320   0.0001067706
16380   0.0001023663
16440   0.0001023663
16500   0.0001023663
16560   0.0001023663
16620   0.0001023663
16680   0.0001023663
16740   0.0001023663
16800   0.0001023663
16860   0.0001023663
16920   0.0001023663
16980   0.0001023663
17040   0.0001023663
17100   0.0001023663
17160   7.228219e-05
17220   5.051604e-05
17280   3.867455e-05
17340   2.524393e-05
17400   2.052321e-05
17460   2.052321e-05
17520   2.052321e-05
17580   1.360808e-05
17640   1.360808e-05
17700   1.360808e-05
17760   1.360808e-05
17820   1.360808e-05
17880   1.360808e-05
17940   1.360808e-05
18000   1.360808e-05
18060   1.360808e-05
18120   1.360808e-05
18180   1.360808e-05
18240   1.360808e-05
18300   1.360808e-05
18360   1.360808e-05
18420   1.360808e-05
18480   1.360808e-05
18540   9.81519e-06 
18600   9.451648e-06
18660   9.451648e-06
18720   8.519031e-06
18780   8.519031e-06
18840   8.519031e-06
18900   5.330849e-06
18960   4.609711e-06
19020   4.609711e-06
19080   4.609711e-06
19140   4.609711e-06
19200   4.609711e-06
19260   4.595227e-06
19320   4.595227e-06
19380   3.18352e-06 
19440   3.18352e-06 
19500   3.18352e-06 
19560   3.18352e-06 
19620   3.18352e-06 
19680   2.978224e-06
19740   2.978224e-06
19800   2.978224e-06
19860   2.978224e-06
19920   2.978224e-06
19980   2.978224e-06
20040   2.287764e-06
20100   1.968272e-06
20160   1.968272e-06
20220   1.968272e-06
20280   1.968272e-06
20340   1.968272e-06
20400   1.968272e-06
20460   1.968272e-06
20520   1.932424e-06
20580   1.932424e-06
20640   1.932424e-06
20700   1.176085e-06
20760   7.268799e-07
20820   7.268799e-07
20880   7.121573e-07
20940   7.121573e-07
21000   5.973034e-07
21060   5.973034e-07
21120   5.973034e-07
21180   4.6481e-07  
21240   4.410284e-07
21300   4.410284e-07
21360   4.410284e-07
21420   4.287361e-07
21480   3.480611e-07
21540   3.480611e-07
21600   3.480611e-07
21660   3.480611e-07
21720   3.480611e-07
21780   3.480611e-07
21840   3.335514e-07
21900   3.335514e-07
21960   3.335514e-07
22020   1.75374e-07 
22080   1.75374e-07 
22140   1.499633e-07
22200   1.499633e-07
22260   1.499633e-07
22320   1.499633e-07
22380   1.499633e-07
22440   1.499633e-07
22500   1.499633e-07
22560   1.413976e-07
22620   8.443602e-08
22680   8.443602e-08
22740   8.443602e-08
22800   8.443602e-08
22860   8.443602e-08
22920   6.262503e-08
22980   6.262503e-08
23040   6.262503e-08
23100   6.262503e-08
23160   5.313855e-08
23220   5.313855e-08
23280   3.205642e-08
23340   3.205642e-08
23400   3.205642e-08
23460   3.205642e-08
23520   3.071376e-08
23580   3.071376e-08
23640   3.071376e-08
23700   3.071376e-08
23760   3.071376e-08
23820   3.071376e-08
23880   3.071376e-08
23940   3.071376e-08
24000   3.071376e-08
24060   3.071376e-08
24120   3.071376e-08
24180   3.071376e-08
24240   3.071376e-08
24300   3.071376e-08
24360   3.071376e-08
24420   3.071376e-08
24480   1.648824e-08
24540   1.648824e-08
24600   1.648824e-08
24660   1.124471e-08
24720   1.124471e-08
24780   1.124471e-08
24840   1.124471e-08
24900   1.124471e-08
24960   1.124471e-08
25020   1.074508e-08
25080   1.05838e-08 
25140   1.05838e-08 
25200   1.05838e-08 
25260   6.162111e-09
25320   6.162111e-09
25380   1.683972e-09
25440   1.683972e-09
25500   1.683972e-09
25560   1.409404e-09
25620   9.024461e-10
25680   9.024461e-10
25740   8.443664e-10
25800   8.443664e-10
25860   8.443664e-10
25920   8.443664e-10
25980   1.151079e-12
26040   1.151079e-12
26100   1.151079e-12
26160   1.151079e-12
26220   1.151079e-12
26280   1.151079e-12
26340   1.151079e-12
26400   0           
26460   0           
26520   0           
26580   0           
26640   0           
26700   0           
26760   0           
26820   0           
26880   0           
26940   0           
27000   0           
27060   0           
27120   0           
27180   0           
27240   0           
27300   0           
27360   0           
27420   0           
27480   0           
27540   0           
27600   0           
27660   0           
27720   0           
27780   0           
27840   0           
27900   0           
27960   0           
28020   0           
28080   0           
28140   0           
28200   0           
28260   0           
28320   0           
28380   0           
28440   0           
28500   0           
28560   0           
28620   0           
28680   0           
28740   0           
28800   0           
28860   0           
28920   0           
28980   0           
29040   0           
29100   0           
29160   0           
29220   0           
29280   0           
29340   0           
29400   0           
29460   0           
29520   0           
29580   0           
29640   0           
29700   0           
29760   0           
29820   0           
29880   0           
29940   0           
30000   0           
30060   0           
30120   0           
30180   0           
30240   0           
30300   0           
30360   0           
30420   0           
30480   0           
30540   0           
30600   0           
30660   0           
30720   0           
30780   0           
30840   0           
30900   0           
30960   0           
31020   0           
31080   0           
31140   0           
31200   0           
31260   0           
31320   0           
31380   0           
31440   0           
31500   0           
31560   0           
31620   0           
31680   0           
31740   0           
31800   0           
31860   0           
31920   0           
31980   0           
32040   0           
32100   0           
32160   0           
32220   0           
32280   0           
32340   0           
32400   0           
32460   0           
32520   0           
32580   0           
32640   0           
32700   0           
32760   0           
32820   0           
32880   0           
32940   0           
33000   0           
33060   0           
33120   0           
33180   0           
33240   0           
33300   0           
33360   0           
33420   0           
33480   0           
33540   0           
33600   0           
33660   0           
33720   0           
33780   0           
33840   0           
33900   0           
33960   0           
34020   0           
34080   0           
34140   0           
34200   0           
34260   0           
34320   0           
34380   0           
34440   0           
34500   0           
34560   0           
34620   0           
34680   0           
34740   0           
34800   0           
34860   0           
34920   0           
34980   0           
35040   0           
35100   0           
35160   0           
35220   0           
35280   0           
35340   0           
35400   0           
35460   0           
35520   0           
35580   0           
35640   0           
35700   0           
35760   0           
35820   0           
35880   0           
35940   0           
36000   0           
36060   0           
36120   0           
36180   0           
36240   0           
36300   0           
36360   0           
36420   0           
36480   0           
36540   0           
36600   0           
36660   0           
36720   0           
36780   0           
36840   0           
36900   0           
36960   0           
37020   0           
37080   0           
37140   0           
37200   0           
37260   0           
37320   0           
37380   0           
37440   0           
37500   0           
37560   0           
37620   0           
37680   0           
37740   0           
37800   0           
37860   0           
37920   0           
37980   0           
38040   0           
38100   0           
38160   0           
38220   0           
38280   0           
38340   0           
38400   0           
38460   0           
38520   0           
38580   0           
38640   0           
38700   0           
38760   0           
38820   0           
38880   0           
38940   0           
39000   0           
39060   0           
39120   0           
39180   0           
39240   0           
39300   0           
39360   0           
39420   0           
39480   0           
39540   0           
39600   0           
39660   0           
39720   0           
39780   0           
39840   0           
39900   0           
39960   0           
40020   0           
40080   0           
40140   0           
40200   0           
40260   0           
40320   0           
40380   0           
40440   0           
40500   0           
40560   0           
40620   0           
40680   0           
40740   0           
40800   0           
40860   0           
40920   0           
40980   0           
41040   0           
41100   0           
41160   0           
41220   0           
41280   0           
41340   0           
41400   0           
41460   0           
41520   0           
41580   0           
41640   0           
41700   0           
41760   0           
41820   0           
41880   0           
41940   0           
42000   0           
42060   0           
42120   0           
42180   0           
42240   0           
42300   0           
42360   0           
42420   0           
42480   0           
42540   0           
42600   0           
42660   0           
42720   0           
42780   0           
42840   0           
42900   0           
42960   0           
43020   0           
43080   0           
43140   0           
43200   0           
43260   0           
43320   0           
43380   0           
43440   0           
43500   0           
43560   0           
43620   0           
43680   0           
43740   0           
43800   0           
43860   0           
43920   0           
43980   0           
44040   0           
44100   0           
44160   0           
44220   0           
44280   0           
44340   0           
44400   0           
44460   0           
44520   0           
44580   0           
44640   0           
44700   0           
44760   0           
44820   0           
44880   0           
44940   0           
45000   0           
45060   0           
45120   0           
45180   0           
45240   0           
45300   0           
45360   0           
45420   0           
45480   0           
45540   0           
45600   0           
45660   0           
45720   0           
45780   0           
45840   0           
45900   0           
45960   0           
46020   0           
46080   0           
46140   0           
46200   0           
46260   0           
46320   0           
46380   0           
46440   0           
46500   0           
46560   0           
46620   0           
46680   0           
46740   0           
46800   0           
46860   0           
46920   0           
46980   0           
47040   0           
47100   0           
47160   0           
47220   0           
47280   0           
47340   0           
47400   0           
47460   0           
47520   0           
47580   0           
47640   0           
47700   0           
47760   0           
47820   0           
47880   0           
47940   0           
48000   0           
48060   0           
48120   0           
48180   0           
48240   0           
48300   0           
48360   0           
48420   0           
48480   0           
48540   0           
48600   0           
48660   0           
48720   0           
48780   0           
48840   0           
48900   0           
48960   0           
49020   0           
49080   0           
49140   0           
49200   0           
49260   0           
49320   0           
49380   0           
49440   0           
49500   0           
49560   0           
49620   0           
49680   0           
49740   0           
49800   0           
49860   0           
49920   0           
49980   0           
50040   0           
50100   0           
50160   0           
50220   0           
50280   0           
50340   0           
50400   0           
50460   0           
50520   0           
50580   0           
50640   0           
50700   0           
50760   0           
50820   0           
50880   0           
50940   0           
51000   0           
51060   0           
51120   0           
51180   0           
51240   0           
51300   0           
51360   0           
51420   0           
51480   0           
51540   0           
51600   0           
51660   0           
51720   0           
51780   0           
51840   0           
51900   0           
51960   0           
52020   0           
52080   0           
52140   0           
52200   0           
52260   0           
52320   0           
52380   0           
52440   0           
52500   0           
52560   0           
52620   0           
52680   0           
52740   0           
52800   0           
52860   0           
52920   0           
52980   0           
53040   0           
53100   0           
53160   0           
53220   0           
53280   0           
53340   0           
53400   0           
53460   0           
53520   0           
53580   0           
53640   0           
53700   0           
53760   0           
53820   0           
53880   0           
53940   0           
54000   0           
54060   0           
54120   0           
54180   0           
54240   0           
54300   0           
54360   0           
54420   0           
54480   0           
54540   0           
54600   0           
54660   0           
54720   0           
54780   0           
54840   0           
54900   0           
54960   0           
55020   0           
55080   0           
55140   0           
55200   0           
55260   0           
55320   0           
55380   0           
55440   0           
55500   0           
55560   0           
55620   0           
55680   0           
55740   0           
55800   0           
55860   0           
55920   0           
55980   0           
56040   0           
56100   0           
56160   0           
56220   0           
56280   0           
56340   0           
56400   0           
56460   0           
56520   0           
56580   0           
56640   0           
56700   0           
56760   0           
56820   0           
56880   0           
56940   0           
57000   0           
57060   0           
57120   0           
57180   0           
57240   0           
57300   0           
57360   0           
57420   0           
57480   0           
57540   0           
57600   0           
57660   0           
57720   0           
57780   0           
57840   0           
57900   0           
57960   0           
58020   0           
58080   0           
58140   0           
58200   0           
58260   0           
58320   0           
58380   0           
58440   0           
58500   0           
58560   0           
58620   0           
58680   0           
58740   0           
58800   0           
58860   0           
58920   0           
58980   0           
59040   0           
59100   0           
59160   0           
59220   0           
59280   0           
59340   0           
59400   0           
59460   0           
59520   0           
59580   0           
59640   0           
59700   0           
59760   0           
59820   0           
59880   0           
59940   0           
60000   0           
60060   0           
60120   0           
60180   0           
60240   0           
60300   0           
60360   0           
60420   0           
60480   0           
60540   0           
60600   0           
60660   0           
60720   0           
60780   0           
60840   0           
60900   0           
60960   0           
61020   0           
61080   0           
61140   0           
61200   0           
61260   0           
61320   0           
61380   0           
61440   0           
61500   0           
61560   0           
61620   0           
61680   0           
61740   0           
61800   0           
61860   0           
61920   0           
61980   0           
62040   0           
62100   0           
62160   0           
62220   0           
62280   0           
62340   0           
62400   0           
62460   0           
62520   0           
62580   0           
62640   0           
62700   0           
62760   0           
62820   0           
62880   0           
62940   0           
63000   0           
63060   0           
63120   0           
63180   0           
63240   0           
63300   0           
63360   0           
63420   0           
63480   0           
63540   0           
63600   0           
63660   0           
63720   0           
63780   0           
63840   0           
63900   0           
63960   0           
64020   0           
64080   0           
64140   0           
64200   0           
64260   0           
64320   0           
64380   0           
64440   0           
64500   0           
64560   0           
64620   0           
64680   0           
64740   0           
64800   0           
64860   0           
64920   0           
64980   0           
65040   0           
65100   0           
65160   0           
65220   0           
65280   0           
65340   0           
65400   0           
65460   0           
65520   0           
65580   0           
65640   0           
65700   0           
65760   0           
65820   0           
65880   0           
65940   0           
66000   0           
66060   0           



 Best-so-far obj. funct. value = 0.000000e+00

 best[0]=128.000137
 best[1]=-0.000092
 best[2]=-255.999329
 best[3]=0.000276
 best[4]=159.998566
 best[5]=-0.000205
 best[6]=-31.999332
 best[7]=0.000045
 best[8]=0.999937

 Generation=1100  NFEs=66060
 Strategy: 1    NP=60    F=0.750000    CR=1.000000
