100
10 1 4 7 8 2 9 3 0:1.05994
10 8 0 4 1 9 3 2 7:1.05993
10 8 0 2 9 3 7 4 1:1.05971
10 1 4 2 7 3 0 8 9:1.05957
10 8 0 2 3 1 9 4 7:1.05948
10 8 0 4 9 1 2 3 7:1.05937
10 8 0 4 9 1 2 7 3:1.05916
10 8 0 2 4 1 7 9 3:1.05914
10 8 0 2 1 3 7 4 9:1.05912
8 4 0 10 2 7 9 1 3:1.05904
10 8 0 1 4 9 3 2 7:1.05901
10 1 8 3 2 0 4 7 9:1.05883
3 10 7 1 0 9 8 2 4:1.05878
8 2 4 1 3 10 9 7 0:1.05873
8 3 4 2 1 7 0 9 10:1.05862
10 8 0 2 9 1 3 7 4:1.05851
10 1 4 7 3 8 0 9 2:1.05828
10 8 0 2 3 4 9 7 1:1.05828
10 8 0 4 3 7 2 9 1:1.05825
10 8 0 2 9 1 7 4 3:1.05822
10 8 0 1 4 2 3 7 9:1.05819
10 8 0 2 4 9 1 7 3:1.05816
10 1 4 2 9 7 3 0 8:1.05812
8 4 0 10 2 1 3 7 9:1.05798
8 2 4 9 7 10 0 1 3:1.0577
10 8 0 4 9 7 1 2 3:1.05768
3 2 10 0 1 4 8 7 9:1.05768
10 8 0 2 3 9 4 1 7:1.05765
10 1 4 2 7 0 8 9 3:1.05764
10 1 4 2 0 7 8 9 3:1.05763
8 2 4 9 7 10 3 1 0:1.0574
3 4 7 8 2 9 10 0 1:1.05739
10 8 0 1 7 2 9 4 3:1.05737
3 10 7 1 2 9 4 0 8:1.05723
10 8 0 4 1 3 9 7 2:1.0572
10 1 4 7 8 3 0 9 2:1.05719
10 8 0 1 7 9 3 2 4:1.05716
10 8 0 4 9 1 7 3 2:1.05714
3 0 9 4 7 8 10 1 2:1.0571
10 1 8 3 2 0 9 4 7:1.05707
3 10 7 1 0 4 9 8 2:1.05706
10 1 4 2 0 7 3 9 8:1.05697
10 8 0 2 4 9 7 3 1:1.05683
8 2 4 9 7 1 3 10 0:1.05679
10 8 0 1 4 7 2 9 3:1.05676
10 8 0 2 1 9 3 7 4:1.05664
3 2 10 0 1 8 4 7 9:1.05661
8 3 4 2 0 10 9 7 1:1.05661
10 1 4 7 8 3 2 9 0:1.05658
3 2 10 0 1 8 7 4 9:1.05658
10 1 4 7 3 8 2 9 0:1.05657
8 4 0 10 2 7 3 1 9:1.05654
10 9 3 1 7 0 2 4 8:1.05651
3 4 7 10 8 9 0 2 1:1.05649
3 4 7 8 2 0 1 10 9:1.05644
10 8 0 1 4 9 2 7 3:1.0564
10 1 8 3 2 9 7 4 0:1.05629
3 10 7 1 0 8 4 2 9:1.05628
10 8 0 1 7 2 9 3 4:1.05623
8 1 9 3 4 0 7 2 10:1.05619
10 1 4 7 3 9 8 2 0:1.05619
10 8 0 4 9 2 3 7 1:1.05613
3 4 7 10 8 9 0 1 2:1.05609
10 1 4 2 0 8 7 3 9:1.05601
3 4 7 8 2 1 0 9 10:1.05598
8 0 7 2 3 1 10 9 4:1.05597
3 4 7 8 2 9 0 10 1:1.05584
8 2 4 9 0 3 7 1 10:1.05576
8 2 4 9 7 3 1 10 0:1.05574
8 1 9 3 4 2 10 0 7:1.05571
8 7 1 3 0 10 2 4 9:1.05568
8 2 4 9 0 1 7 3 10:1.05567
8 7 1 3 0 9 10 2 4:1.05556
10 8 0 4 3 1 2 7 9:1.05535
3 2 10 0 1 8 4 9 7:1.05535
3 4 7 8 2 9 0 1 10:1.05489
8 2 4 9 7 3 1 0 10:1.05486
3 4 7 8 2 1 9 10 0:1.05466
8 3 4 2 0 9 10 7 1:1.05462
8 1 9 3 4 7 10 2 0:1.05454
3 2 10 0 1 9 8 4 7:1.0545
10 1 4 7 8 3 9 2 0:1.05446
3 4 7 8 2 9 10 1 0:1.05444
3 0 9 4 7 8 2 10 1:1.05441
10 8 0 1 4 7 2 3 9:1.05439
8 0 7 2 10 9 3 4 1:1.05439
10 1 4 2 0 9 3 7 8:1.05424
3 10 7 1 2 9 8 4 0:1.05423
10 1 4 2 7 0 3 8 9:1.05421
8 4 0 10 2 1 7 9 3:1.05382
3 10 7 1 2 9 0 8 4:1.05378
10 8 0 1 4 2 9 7 3:1.05376
10 1 4 7 8 3 0 2 9:1.05374
3 0 9 4 7 10 1 8 2:1.05367
10 1 4 2 0 7 3 8 9:1.05361
8 0 7 2 10 9 3 1 4:1.05341
3 4 7 8 2 1 9 0 10:1.05325
8 2 4 9 7 0 3 1 10:1.05322
10 1 8 3 0 2 7 9 4:1.05322
10 1 8 3 2 4 0 9 7:1.05285
