8 0 7 2 3 1 10 9 4:0.086798
8 0 3 7 2 10 1 9 4:0.086797
8 0 7 2 10 3 4 1 9:0.086787
3 8 9 4 7 10 1 2 0:0.086766
8 2 4 1 3 10 0 9 7:0.0867591
8 3 4 2 9 7 10 0 1:0.086756
3 8 9 7 1 10 4 2 0:0.086745
3 10 8 2 4 7 1 0 9:0.0867441
8 0 3 7 9 1 10 4 2:0.08673
10 9 3 1 7 8 2 4 0:0.08672
8 0 7 2 10 1 3 4 9:0.0866868
3 8 9 4 7 0 2 10 1:0.086684
3 10 8 2 7 0 1 4 9:0.0866241
8 0 7 2 10 1 3 9 4:0.0866029
8 1 9 3 7 0 10 2 4:0.0865481
8 2 4 9 0 10 1 3 7:0.0865371
8 1 9 3 4 2 7 0 10:0.0865331
3 8 9 7 10 2 4 0 1:0.0865121
3 8 9 7 1 10 2 0 4:0.0864911
8 9 0 1 3 7 10 2 4:0.0864909
8 4 0 10 1 7 2 9 3:0.0864849
3 8 9 7 1 10 2 4 0:0.086467
3 10 8 2 4 7 0 1 9:0.086467
3 4 7 8 2 1 0 10 9:0.0864658
8 1 9 3 4 7 0 10 2:0.0864589
8 3 4 2 0 10 1 7 9:0.086452
10 9 3 1 7 8 0 4 2:0.086422
8 1 9 3 4 7 10 0 2:0.086422
3 8 9 4 7 0 2 1 10:0.086369
8 9 0 10 7 1 2 3 4:0.0863619
8 9 0 1 3 7 10 4 2:0.0863581
8 0 7 2 10 1 9 4 3:0.0863569
8 4 0 10 1 9 2 7 3:0.0863249
8 3 4 2 9 10 0 7 1:0.0863039
3 10 8 2 4 9 1 0 7:0.086241
10 9 3 1 7 8 4 2 0:0.0862401
8 9 0 1 3 4 2 10 7:0.086235
8 3 4 2 0 10 1 9 7:0.086226
8 4 0 10 1 9 2 3 7:0.0862179
8 3 4 2 9 7 1 0 10:0.0862031
8 9 0 1 3 4 2 7 10:0.086123
10 3 1 0 2 4 9 7 8:0.086097
8 3 4 2 9 7 1 10 0:0.0860901
3 4 7 10 8 9 0 2 1:0.0860751
8 9 0 1 3 4 7 10 2:0.0860319
3 8 9 7 1 10 4 0 2:0.0859699
8 1 9 3 7 0 10 4 2:0.08588
8 9 0 1 3 4 7 2 10:0.0858309
10 3 1 0 2 7 9 4 8:0.0856709
8 3 4 2 9 10 0 1 7:0.08566
10 9 3 1 7 8 4 0 2:0.085582
3 8 9 7 1 10 0 2 4:0.085568
3 8 9 7 1 10 0 4 2:0.0851641
10 3 1 0 7 9 2 4 8:0.0851338
10 9 3 1 7 0 2 8 4:0.0850492
3 9 4 10 1 7 8 2 0:0.085032
10 3 1 0 2 7 4 9 8:0.0849271
10 9 3 1 7 0 4 2 8:0.0848892
10 3 1 0 7 2 8 9 4:0.084888
10 3 1 0 4 9 7 2 8:0.0848291
10 3 1 0 7 8 9 4 2:0.084779
10 3 1 0 7 8 4 2 9:0.0847089
3 9 4 10 1 2 7 8 0:0.0846741
3 9 4 10 1 2 0 7 8:0.0846369
10 3 1 0 7 8 2 9 4:0.0844901
3 9 4 10 1 7 8 0 2:0.0844629
10 9 3 1 7 0 2 4 8:0.0844471
10 3 1 0 4 9 7 8 2:0.0843892
10 3 1 0 7 2 9 8 4:0.084254
10 3 1 0 7 9 8 4 2:0.0842178
10 3 1 0 7 8 2 4 9:0.0842171
10 9 3 1 7 0 4 8 2:0.084177
10 3 1 0 4 7 2 8 9:0.0841329
10 3 1 0 4 7 2 9 8:0.0840468
10 3 1 0 4 2 7 9 8:0.0840349
10 3 1 0 7 9 4 2 8:0.0840158
10 3 1 0 7 9 2 8 4:0.083988
10 3 1 0 2 7 4 8 9:0.0839748
3 9 4 10 1 2 7 0 8:0.083972
3 9 4 10 1 7 0 8 2:0.0839441
10 3 1 0 4 7 9 2 8:0.0838759
10 3 1 0 7 9 8 2 4:0.0837898
10 3 1 0 7 2 8 4 9:0.083734
10 3 1 0 7 4 9 8 2:0.0835841
10 3 1 0 4 7 9 8 2:0.08358
10 3 1 0 7 4 2 9 8:0.083519
10 9 3 1 7 0 8 2 4:0.0834022
3 9 4 10 1 7 0 2 8:0.083396
10 9 3 1 7 0 8 4 2:0.083358
10 3 1 0 4 7 8 2 9:0.0833371
10 3 1 0 7 8 4 9 2:0.0831831
10 3 1 0 4 2 7 8 9:0.083106
10 3 1 0 4 2 9 7 8:0.08304
10 3 1 0 4 9 2 7 8:0.082978
3 9 4 10 1 0 2 7 8:0.0829258
3 9 4 10 1 0 7 8 2:0.082751
10 3 1 0 7 4 9 2 8:0.0824518
10 3 1 0 7 4 2 8 9:0.082401
10 3 1 0 4 7 8 9 2:0.082283
10 3 1 0 7 9 4 8 2:0.0821092
