10 7 3 8 9 4 0 2 1:0.086283
9 8 4 0 10 3 1 2 7:0.0862799
9 10 0 3 8 4 2 7 1:0.086273
1 3 8 0 10 7 9 4 2:0.086261
9 8 4 0 10 1 2 7 3:0.0862541
10 2 1 9 4 0 8 7 3:0.0862539
9 8 4 0 1 10 3 7 2:0.0862539
9 2 4 10 8 3 0 1 7:0.086236
1 3 8 0 10 7 4 9 2:0.086231
1 4 2 7 0 10 8 9 3:0.086215
9 8 4 0 1 10 3 2 7:0.086215
9 2 4 3 7 1 0 8 10:0.086205
9 8 4 0 3 7 2 1 10:0.0861921
9 8 4 0 3 7 2 10 1:0.0861571
9 8 4 0 3 1 10 7 2:0.086128
1 3 8 0 9 2 4 10 7:0.086107
1 3 8 0 10 7 2 4 9:0.086102
9 8 4 0 10 3 2 1 7:0.0860691
9 10 0 3 8 4 1 7 2:0.0860469
1 3 7 10 0 4 9 2 8:0.086019
9 2 4 3 7 1 8 10 0:0.0859931
10 4 9 3 1 7 2 0 8:0.0859461
9 8 4 0 3 1 10 2 7:0.085932
1 4 2 7 0 10 3 8 9:0.085798
9 10 0 3 8 4 2 1 7:0.0857971
9 1 3 7 4 8 10 0 2:0.0856221
1 0 10 2 4 7 8 9 3:0.085609
9 8 4 0 10 1 3 7 2:0.0855751
1 4 2 7 0 8 9 3 10:0.0854092
9 1 3 7 0 4 8 10 2:0.085345
1 3 7 10 2 8 0 9 4:0.085341
1 3 7 10 2 8 0 4 9:0.0853219
9 8 4 0 10 1 3 2 7:0.0852811
9 8 4 0 10 1 2 3 7:0.085196
9 2 4 3 7 0 10 8 1:0.085134
10 7 3 8 9 2 4 1 0:0.085119
10 7 3 8 9 4 2 0 1:0.0851011
9 3 2 1 10 0 8 4 7:0.085017
10 7 3 8 9 4 1 2 0:0.08499
10 7 3 8 9 2 4 0 1:0.084944
10 7 3 8 9 2 1 0 4:0.084846
1 0 10 2 4 7 3 9 8:0.084573
1 4 2 7 0 3 9 8 10:0.0844259
10 2 1 9 4 7 3 0 8:0.084425
9 2 4 3 7 0 8 1 10:0.0843689
1 9 0 7 8 3 4 2 10:0.0843301
1 3 7 10 2 8 9 4 0:0.084321
10 7 3 8 9 4 1 0 2:0.084286
10 4 9 3 0 1 7 8 2:0.0842259
1 4 2 7 0 3 10 8 9:0.0841992
1 4 2 7 0 10 3 9 8:0.084137
9 3 2 1 10 7 4 8 0:0.0841119
10 7 3 8 9 4 0 1 2:0.0840499
1 9 0 7 8 3 4 10 2:0.084044
10 2 1 9 4 3 0 7 8:0.0839269
1 3 7 10 0 4 2 9 8:0.0839212
1 9 0 7 8 10 3 2 4:0.083905
9 2 4 3 7 0 8 10 1:0.0838261
10 2 1 9 0 7 3 4 8:0.083776
1 9 0 7 8 10 2 3 4:0.0837669
10 7 3 8 9 4 2 1 0:0.08373
1 9 0 7 8 3 2 4 10:0.083729
1 4 2 7 0 3 10 9 8:0.0837061
10 7 3 8 1 9 0 2 4:0.0836172
1 0 10 2 4 7 9 3 8:0.0835519
1 3 7 10 2 8 4 9 0:0.083493
9 2 4 3 7 1 0 10 8:0.083487
9 3 2 1 10 7 8 0 4:0.0834022
9 2 4 3 7 0 10 1 8:0.08338
10 4 9 3 0 1 7 2 8:0.083369
9 3 2 1 10 4 7 8 0:0.08321
1 4 2 7 0 10 9 3 8:0.083153
9 3 2 1 10 7 8 4 0:0.0830741
9 2 4 3 7 1 10 0 8:0.0830519
10 7 3 8 1 9 2 0 4:0.0830481
1 4 2 7 0 3 9 10 8:0.0830431
9 3 2 1 10 0 7 8 4:0.0829699
1 0 10 2 4 7 3 8 9:0.082969
1 4 2 7 0 10 8 3 9:0.082927
10 7 3 8 1 9 2 4 0:0.0828969
10 4 9 3 0 1 2 7 8:0.0828249
1 4 2 7 0 10 9 8 3:0.0828011
1 9 0 7 8 10 2 4 3:0.082746
10 2 1 9 4 7 8 3 0:0.082742
10 2 1 9 4 7 8 0 3:0.0826969
10 2 1 9 4 3 7 8 0:0.0825269
10 2 1 9 4 0 7 3 8:0.0824728
10 7 3 8 1 9 0 4 2:0.0824549
9 2 4 3 7 0 1 8 10:0.082433
10 2 1 9 4 0 3 7 8:0.0823891
10 2 1 9 0 7 4 8 3:0.0821931
9 3 2 1 10 7 4 0 8:0.082082
10 2 1 9 4 3 7 0 8:0.082073
9 3 2 1 10 4 0 7 8:0.0818892
9 3 2 1 10 0 4 7 8:0.0818789
9 3 2 1 10 4 7 0 8:0.0818119
10 2 1 9 4 0 7 8 3:0.081744
9 3 2 1 10 0 7 4 8:0.08164
9 3 2 1 10 7 0 8 4:0.0815291
9 3 2 1 10 7 0 4 8:0.081485
