4 3 8 9 2 1 7 10 0:0.085402
2 3 0 10 9 4 8 7 1:0.0853901
2 1 7 10 3 8 4 9 0:0.085386
2 8 4 9 10 1 0 3 7:0.0853629
2 3 0 10 8 4 1 9 7:0.0853441
0 2 9 3 4 1 7 8 10:0.085324
0 3 9 10 7 1 4 8 2:0.0853081
4 3 8 9 7 10 0 1 2:0.085288
4 3 8 9 1 2 0 10 7:0.0852799
4 3 8 9 2 0 7 10 1:0.0852799
4 3 8 9 1 0 7 2 10:0.085269
2 3 0 10 9 4 8 1 7:0.085268
4 3 8 9 2 0 10 7 1:0.085248
2 3 0 10 9 4 1 8 7:0.0851729
4 3 8 9 1 7 2 0 10:0.085129
4 3 8 9 2 0 7 1 10:0.085119
4 3 8 9 1 0 2 7 10:0.0851169
2 9 3 4 0 7 8 1 10:0.0850821
4 9 1 0 7 2 10 3 8:0.0850711
4 3 8 9 2 10 0 1 7:0.0850499
2 1 7 10 3 8 0 9 4:0.0850489
4 3 8 9 2 1 10 0 7:0.0850289
4 3 8 9 2 7 0 1 10:0.0849249
4 3 8 9 0 10 1 2 7:0.0848682
2 0 3 1 10 7 4 8 9:0.084764
4 3 8 9 2 7 1 0 10:0.0846941
0 3 9 10 4 1 7 2 8:0.0845921
2 1 7 10 3 9 8 4 0:0.0845909
2 1 7 10 3 8 9 0 4:0.0845239
4 3 8 9 2 0 1 10 7:0.0844691
4 3 8 9 2 0 10 1 7:0.0844421
4 3 8 9 2 7 10 0 1:0.0844288
0 3 9 10 7 8 2 1 4:0.084378
0 3 9 10 4 2 7 1 8:0.084367
0 2 9 3 4 1 10 7 8:0.0843639
4 3 8 9 2 7 0 10 1:0.0843132
4 3 8 9 2 7 10 1 0:0.0842931
0 3 9 10 4 2 1 7 8:0.0842819
4 3 8 9 2 7 1 10 0:0.084239
0 3 9 10 2 1 7 8 4:0.084198
4 3 7 8 1 2 10 9 0:0.084131
0 3 9 10 7 8 1 2 4:0.0840721
2 9 3 4 0 7 10 1 8:0.083971
0 3 9 10 7 8 1 4 2:0.083951
2 9 3 4 0 7 1 8 10:0.08394
0 3 9 10 7 1 2 4 8:0.0839021
0 3 9 10 4 7 2 1 8:0.0838509
0 3 9 10 1 4 7 2 8:0.083775
0 3 9 10 2 4 7 8 1:0.0837579
4 3 7 8 1 0 2 9 10:0.0836849
0 3 9 10 7 2 8 1 4:0.083672
0 3 9 10 4 7 2 8 1:0.0835631
4 9 1 0 7 10 3 8 2:0.08356
0 2 9 3 4 10 7 1 8:0.0835531
4 3 7 8 1 0 2 10 9:0.083544
2 9 3 4 0 1 7 8 10:0.0835419
0 3 9 10 2 1 4 7 8:0.0834951
0 3 9 10 4 2 7 8 1:0.083463
0 3 9 10 1 7 4 8 2:0.0834138
4 9 1 0 7 3 2 10 8:0.0832069
4 3 7 8 1 0 9 2 10:0.083173
0 3 9 10 7 1 4 2 8:0.0831048
2 9 3 4 0 7 8 10 1:0.0830991
0 3 9 10 4 7 8 1 2:0.083096
0 3 9 10 7 8 4 1 2:0.0830851
0 3 9 10 7 4 2 1 8:0.083034
0 3 9 10 7 8 4 2 1:0.0830131
2 9 3 4 0 1 10 7 8:0.082999
0 3 9 10 1 7 4 2 8:0.0829959
0 3 9 10 2 4 1 7 8:0.0829709
4 9 1 0 7 10 3 2 8:0.082931
0 3 9 10 4 7 8 2 1:0.0829179
0 3 9 10 7 2 8 4 1:0.0828412
2 9 3 4 7 8 10 1 0:0.0828331
0 3 9 10 1 7 2 4 8:0.082824
4 9 1 0 7 10 8 3 2:0.0827968
4 9 1 0 7 10 8 2 3:0.0827591
0 3 9 10 2 7 4 8 1:0.0827532
0 3 9 10 2 1 7 4 8:0.0827029
0 3 9 10 4 1 7 8 2:0.082696
0 3 9 10 7 4 2 8 1:0.082649
2 9 3 4 0 7 1 10 8:0.08251
0 3 9 10 4 7 1 8 2:0.0824831
0 3 9 10 4 1 2 7 8:0.0824461
2 9 3 4 0 1 7 10 8:0.0824108
0 3 9 10 7 2 1 8 4:0.082375
0 3 9 10 7 4 8 2 1:0.082258
0 3 9 10 7 4 8 1 2:0.0822482
0 3 9 10 7 2 4 8 1:0.0822051
0 3 9 10 4 7 1 2 8:0.082201
0 3 9 10 7 4 1 8 2:0.0821879
2 3 0 10 9 1 7 8 4:0.0821741
0 3 9 10 2 7 4 1 8:0.082124
0 3 9 10 7 2 1 4 8:0.082118
0 3 9 10 7 2 4 1 8:0.0820951
0 3 9 10 2 7 1 4 8:0.081908
4 9 1 0 7 2 10 8 3:0.081789
2 9 3 4 0 10 1 7 8:0.0815611
0 3 9 10 7 4 1 2 8:0.0815499
2 3 0 10 9 4 1 7 8:0.080924
