7 8 2 3 10 4 9 1 0:0.0845411
4 1 9 7 3 2 10 0 8:0.0845389
7 3 10 2 8 4 9 0 1:0.0845058
7 4 9 10 8 1 0 3 2:0.0845029
4 1 9 7 3 0 8 2 10:0.084486
4 2 1 10 7 8 0 9 3:0.08446
7 8 2 3 9 1 10 4 0:0.0844331
7 8 2 3 10 0 4 1 9:0.0844109
7 8 2 3 9 0 1 4 10:0.0843692
7 8 2 3 10 4 1 0 9:0.0843542
4 7 3 8 2 10 1 9 0:0.0843039
4 1 9 7 3 10 2 0 8:0.08428
4 2 1 10 7 8 9 0 3:0.0842772
7 2 9 8 1 10 4 0 3:0.0842659
4 7 1 0 9 3 8 2 10:0.0842271
4 0 1 3 10 8 9 7 2:0.084187
4 0 1 3 10 8 2 9 7:0.0841849
4 7 1 0 9 3 8 10 2:0.084163
7 4 9 10 8 0 3 1 2:0.084126
4 2 10 1 9 7 3 8 0:0.0841079
4 0 1 3 10 8 9 2 7:0.0841029
7 8 2 3 9 1 4 0 10:0.0840969
4 7 3 8 2 10 9 0 1:0.084089
7 4 9 10 8 0 1 3 2:0.0840759
7 9 10 3 0 1 8 2 4:0.084053
7 8 2 3 9 1 10 0 4:0.084007
7 4 9 10 8 0 1 2 3:0.0839841
7 4 9 10 8 1 0 2 3:0.0839839
7 8 2 3 10 4 0 1 9:0.0838962
7 4 9 10 8 0 2 1 3:0.0838411
7 10 3 4 2 8 1 0 9:0.0837462
4 1 9 7 3 0 10 8 2:0.083719
7 0 10 2 1 4 9 3 8:0.0836689
7 8 2 3 9 1 0 4 10:0.083662
7 4 9 10 8 1 2 3 0:0.0836601
7 4 9 10 8 2 3 0 1:0.0835519
4 1 9 7 3 0 2 8 10:0.083523
7 4 9 10 8 1 2 0 3:0.0834839
4 2 1 10 7 0 3 8 9:0.0834582
4 1 9 7 10 3 8 2 0:0.083436
4 2 1 10 7 3 8 9 0:0.0834329
7 0 10 2 4 8 3 1 9:0.0833759
4 1 9 7 10 3 8 0 2:0.0833249
7 8 2 3 9 1 0 10 4:0.0833211
7 8 2 3 9 10 1 0 4:0.0832942
7 9 10 3 0 1 4 2 8:0.0832558
4 1 9 7 3 0 10 2 8:0.0832
4 2 1 10 7 0 9 8 3:0.0831051
4 2 1 10 7 0 3 9 8:0.083087
7 0 10 2 4 8 3 9 1:0.083056
4 1 9 7 0 8 3 10 2:0.0830419
4 7 3 8 2 10 1 0 9:0.08304
4 2 1 10 7 9 8 0 3:0.0829868
7 0 10 2 4 8 9 3 1:0.0829821
7 9 10 3 0 1 2 8 4:0.082973
4 1 9 7 3 2 8 0 10:0.0829341
4 1 9 7 3 0 2 10 8:0.0828681
4 2 1 10 7 3 0 9 8:0.08284
4 1 9 7 3 2 0 8 10:0.0827689
7 0 10 2 4 8 9 1 3:0.0827661
4 1 9 7 3 2 8 10 0:0.0827351
4 0 1 3 10 9 2 7 8:0.0827169
4 1 9 7 10 3 2 8 0:0.0826631
4 2 1 10 7 3 8 0 9:0.082613
7 8 2 3 10 4 9 0 1:0.082613
4 2 1 10 7 0 9 3 8:0.0825579
7 0 10 2 1 4 9 8 3:0.082489
4 2 1 10 7 0 8 3 9:0.082479
7 8 2 3 9 0 10 1 4:0.0824699
7 9 10 3 0 1 8 4 2:0.0824451
4 1 9 7 10 8 3 0 2:0.082309
4 2 1 10 7 3 9 0 8:0.0822709
4 1 9 7 10 8 3 2 0:0.0822511
4 1 9 7 10 8 0 3 2:0.0821619
4 1 9 7 10 8 0 2 3:0.0821559
4 1 9 7 10 2 3 8 0:0.0821362
4 0 1 3 10 9 7 8 2:0.0820739
7 8 2 3 9 0 1 10 4:0.082072
4 1 9 7 0 3 8 10 2:0.0820711
4 2 1 10 7 9 3 8 0:0.082051
4 1 9 7 10 3 0 2 8:0.082037
4 1 9 7 10 0 3 2 8:0.082031
4 1 9 7 10 2 8 3 0:0.081892
4 1 9 7 0 3 8 2 10:0.0818648
4 1 9 7 10 3 0 8 2:0.081784
4 1 9 7 0 8 2 10 3:0.0817111
4 1 9 7 10 2 8 0 3:0.081645
4 1 9 7 10 2 0 8 3:0.0816271
4 1 9 7 0 8 10 3 2:0.0815842
4 1 9 7 0 8 10 2 3:0.0815251
4 1 9 7 3 2 0 10 8:0.0814798
4 1 9 7 10 3 2 0 8:0.0814049
4 2 1 10 7 9 0 3 8:0.081296
4 1 9 7 0 8 2 3 10:0.081279
4 1 9 7 0 8 3 2 10:0.0812252
4 2 1 10 7 9 3 0 8:0.0811381
4 0 1 3 10 9 7 2 8:0.081059
4 1 9 7 10 0 2 8 3:0.0808361
4 1 9 7 10 0 2 3 8:0.0808179
4 2 1 10 7 9 0 8 3:0.079946
