100
3 0 9 4 7 8 10 2 1:0.0309989
3 4 7 8 2 1 0 9 10:0.0309911
3 4 7 8 9 1 10 2 0:0.0309849
3 4 7 8 0 2 1 10 9:0.030982
10 1 4 7 3 9 8 2 0:0.030972
3 0 9 4 10 7 2 1 8:0.030968
3 9 4 8 2 10 0 7 1:0.030967
3 4 7 8 1 2 0 10 9:0.0309548
3 0 9 4 1 8 7 2 10:0.030952
3 0 9 4 2 10 7 8 1:0.0309508
3 0 9 4 10 1 8 2 7:0.0309501
3 2 10 0 8 4 1 9 7:0.0309439
3 0 9 4 2 1 7 8 10:0.030941
3 4 7 8 2 10 1 0 9:0.0309319
3 4 7 8 0 1 2 10 9:0.030926
3 4 7 8 9 2 1 0 10:0.030926
3 4 7 8 1 9 2 10 0:0.03092
3 2 10 0 9 7 1 4 8:0.0309179
3 4 2 7 0 9 1 10 8:0.03091
3 0 9 4 8 10 1 7 2:0.0308809
3 0 9 4 7 8 1 2 10:0.0308728
3 9 4 10 1 0 7 2 8:0.0308411
3 0 9 4 10 8 2 7 1:0.030838
3 0 9 4 7 10 8 1 2:0.0308371
3 0 9 4 10 8 1 2 7:0.030829
3 0 9 4 2 10 7 1 8:0.030822
3 0 9 4 8 1 7 10 2:0.0308201
3 2 10 0 1 4 7 8 9:0.0308149
3 0 9 4 1 10 2 7 8:0.0308139
3 0 9 4 2 1 10 8 7:0.0308139
3 2 10 0 1 7 4 8 9:0.030798
3 4 7 8 0 2 1 9 10:0.030791
3 0 9 4 10 8 7 2 1:0.0307801
3 0 9 4 1 8 2 10 7:0.0307779
3 2 10 0 9 4 7 1 8:0.0307739
3 0 9 4 7 8 2 10 1:0.0307701
3 4 7 8 2 0 9 10 1:0.0307639
3 0 9 4 8 7 10 1 2:0.0307539
3 0 9 4 8 10 7 1 2:0.03075
3 9 4 8 7 0 1 10 2:0.0307419
3 0 9 4 10 7 2 8 1:0.0307281
3 4 7 8 2 10 1 9 0:0.0307221
3 0 9 4 1 7 10 2 8:0.0307181
3 4 7 8 0 10 9 2 1:0.0307131
3 0 9 4 1 10 2 8 7:0.03071
10 1 4 7 3 8 2 0 9:0.030694
3 9 4 10 8 7 0 2 1:0.030689
3 4 7 8 1 2 9 0 10:0.030684
3 9 4 10 1 7 0 8 2:0.030683
10 9 3 1 7 8 2 4 0:0.0306799
3 0 9 4 10 1 8 7 2:0.0306699
3 4 7 10 8 9 1 2 0:0.0306621
3 4 7 8 2 10 0 9 1:0.030658
3 4 7 8 0 10 2 1 9:0.0306492
3 4 7 8 0 2 9 10 1:0.0306489
3 4 7 8 9 0 2 10 1:0.0306449
3 0 9 4 7 8 2 1 10:0.030642
3 4 7 8 0 1 9 10 2:0.0306139
3 2 10 0 1 8 4 9 7:0.0306029
3 4 7 8 0 10 2 9 1:0.0305941
3 0 9 4 8 1 2 10 7:0.0305901
3 0 9 4 8 7 2 10 1:0.0305841
3 4 7 8 2 1 0 10 9:0.030576
3 4 7 8 0 10 1 9 2:0.030576
3 0 9 4 2 7 8 1 10:0.0305662
3 4 7 8 1 2 0 9 10:0.0305641
3 9 4 10 1 7 2 8 0:0.0305529
3 0 9 4 10 2 8 7 1:0.030549
3 0 9 4 2 8 1 10 7:0.030539
3 4 7 8 0 2 9 1 10:0.0305338
3 4 7 8 2 1 9 10 0:0.03052
10 1 4 2 7 9 0 8 3:0.0305111
3 4 7 8 0 10 1 2 9:0.0304999
3 0 9 4 10 8 7 1 2:0.0304739
3 4 7 8 0 1 9 2 10:0.0304699
3 0 9 4 7 10 1 8 2:0.0304699
3 0 9 4 1 8 7 10 2:0.030448
3 0 9 4 2 7 1 8 10:0.0304461
3 4 7 8 2 1 10 0 9:0.0304129
3 0 9 4 2 8 10 1 7:0.0303879
3 4 7 8 1 2 9 10 0:0.0303779
3 4 7 8 2 10 9 1 0:0.030359
3 0 9 4 1 10 7 8 2:0.030298
3 4 7 8 9 1 2 0 10:0.0302949
3 0 9 4 2 8 10 7 1:0.0302949
3 4 7 8 2 1 9 0 10:0.0302649
3 0 9 4 10 1 2 8 7:0.030251
3 0 9 4 1 7 2 10 8:0.0302482
3 0 9 4 1 8 2 7 10:0.0302341
3 0 9 4 8 10 2 1 7:0.030215
3 0 9 4 2 7 10 1 8:0.030189
3 0 9 4 10 2 8 1 7:0.030154
3 0 9 4 8 1 10 7 2:0.0301321
3 0 9 4 1 7 2 8 10:0.030123
3 0 9 4 10 1 7 8 2:0.030108
3 0 9 4 2 1 10 7 8:0.0300779
3 0 9 4 10 1 2 7 8:0.0300679
3 0 9 4 10 7 1 8 2:0.0300438
3 0 9 4 1 2 8 10 7:0.0300221
3 0 9 4 10 1 7 2 8:0.0298021
