100
0 1 2 10 7 4 8 3 9:0.030858
2 8 4 10 1 9 7 0 3:0.030853
0 7 4 9 2 8 10 1 3:0.0308409
2 8 4 10 9 7 3 0 1:0.0308309
2 8 4 10 1 0 3 7 9:0.0308259
2 3 0 10 9 8 4 1 7:0.030818
0 2 9 3 4 8 7 10 1:0.0308139
2 8 4 10 1 0 7 3 9:0.030813
2 8 4 10 7 3 0 1 9:0.0308111
2 8 4 9 3 1 7 10 0:0.0308111
2 8 4 3 7 9 10 1 0:0.030803
2 1 7 10 3 9 8 4 0:0.030791
2 8 4 10 9 7 0 1 3:0.0307879
2 8 4 9 10 0 7 3 1:0.0307829
2 8 4 9 1 0 7 10 3:0.030776
2 8 4 10 9 0 3 7 1:0.0307732
0 1 2 10 7 4 3 8 9:0.0307701
2 8 4 9 1 7 0 10 3:0.030751
2 8 4 9 10 3 7 1 0:0.030741
2 8 4 10 9 7 1 3 0:0.0307369
2 8 4 10 9 3 1 7 0:0.0307281
2 8 4 10 1 0 3 9 7:0.0307209
4 10 0 7 8 1 9 3 2:0.03072
2 8 4 10 0 3 1 9 7:0.0307128
2 8 4 9 3 0 7 10 1:0.0307121
2 1 7 10 8 4 0 3 9:0.030705
0 7 4 9 1 3 10 2 8:0.030704
2 8 4 10 9 3 7 1 0:0.0306971
0 7 4 9 1 3 10 8 2:0.0306861
2 8 4 9 10 1 0 3 7:0.0306802
2 8 4 9 10 0 3 1 7:0.030674
4 10 0 7 8 9 2 3 1:0.030674
2 8 4 9 10 3 0 7 1:0.030673
2 8 4 10 1 0 9 7 3:0.0306661
2 8 4 10 0 3 9 7 1:0.0306599
2 8 4 10 1 9 0 3 7:0.030652
2 8 4 10 0 9 1 7 3:0.0306451
2 8 4 3 0 1 9 7 10:0.030638
4 9 3 2 10 7 0 1 8:0.0306261
2 8 4 10 0 3 7 1 9:0.030616
2 8 4 10 9 7 1 0 3:0.030607
2 8 4 9 10 1 7 3 0:0.030607
2 8 4 10 1 9 7 3 0:0.030587
2 8 4 10 0 9 1 3 7:0.0305798
2 1 7 10 8 9 3 0 4:0.0305631
2 8 4 10 7 3 1 0 9:0.03056
2 8 4 10 1 9 3 0 7:0.030555
2 8 4 9 10 1 3 0 7:0.0305519
2 8 4 10 9 7 3 1 0:0.030551
2 8 4 10 0 1 7 3 9:0.0305429
2 8 4 10 0 1 9 3 7:0.0305419
2 8 4 9 3 7 10 0 1:0.0305369
2 8 4 9 3 7 0 10 1:0.0305321
2 8 4 9 10 7 1 0 3:0.0305228
2 8 4 10 1 9 0 7 3:0.0305221
2 8 4 10 9 7 0 3 1:0.0305059
2 8 4 9 1 3 10 7 0:0.030498
2 8 4 10 1 0 9 3 7:0.0304949
2 3 0 8 7 4 9 10 1:0.030494
2 8 4 10 9 3 0 1 7:0.0304899
2 8 4 10 0 9 3 7 1:0.0304759
2 8 4 10 3 1 9 0 7:0.030457
4 10 0 7 8 1 2 3 9:0.0304329
2 8 4 3 7 9 1 10 0:0.0304289
0 4 10 8 9 1 3 7 2:0.0304091
2 8 4 9 3 10 7 0 1:0.030369
2 8 4 9 10 7 3 0 1:0.030355
2 8 4 9 1 0 10 7 3:0.0302851
0 2 9 3 4 1 8 10 7:0.0302701
4 3 8 9 2 0 1 10 7:0.0302699
2 8 4 3 7 9 1 0 10:0.030268
2 8 4 9 1 7 3 10 0:0.030246
0 4 10 8 9 2 1 3 7:0.0302429
2 8 4 9 0 3 7 10 1:0.030206
2 8 4 9 10 0 7 1 3:0.0301981
2 8 4 9 10 7 1 3 0:0.030194
2 8 4 9 1 10 7 3 0:0.03016
2 8 4 9 1 10 7 0 3:0.0301468
2 8 4 9 1 0 10 3 7:0.0301461
2 9 0 1 4 3 8 7 10:0.0301409
2 8 4 9 1 0 3 7 10:0.030123
4 3 7 9 8 0 1 2 10:0.0301061
2 8 4 9 10 0 3 7 1:0.030103
2 8 4 9 1 3 7 10 0:0.0300901
2 8 4 9 10 7 3 1 0:0.0300901
2 8 4 9 1 0 7 3 10:0.0300579
0 4 10 8 9 2 1 7 3:0.0300412
2 8 4 9 1 3 0 10 7:0.0300088
2 8 4 9 10 0 1 7 3:0.0299969
2 8 4 9 1 0 3 10 7:0.0299811
2 8 4 9 1 3 0 7 10:0.0299742
2 8 4 9 1 10 3 7 0:0.029974
4 10 0 7 8 1 2 9 3:0.0299599
2 8 4 9 10 7 0 3 1:0.0299051
0 4 10 8 9 2 7 3 1:0.029901
2 8 4 9 1 10 3 0 7:0.029861
2 8 4 9 1 3 7 0 10:0.0298491
2 3 0 10 8 1 4 9 7:0.029794
2 8 4 9 10 0 1 3 7:0.029773
2 8 4 9 1 10 0 3 7:0.0296509
