100
7 3 10 2 8 4 9 1 0:0.0307231
7 3 2 10 4 1 9 8 0:0.0307219
7 10 2 1 9 0 3 8 4:0.03072
4 2 8 0 9 10 7 3 1:0.03072
4 2 8 0 10 3 7 1 9:0.0307171
7 10 2 1 9 0 4 8 3:0.030714
4 2 8 0 7 3 9 1 10:0.0307131
4 7 1 0 10 2 8 3 9:0.0307081
7 10 2 1 3 4 0 8 9:0.0307031
4 2 8 0 1 7 10 3 9:0.0306981
4 2 8 7 3 10 9 1 0:0.0306921
7 10 2 1 3 0 9 8 4:0.030689
4 2 8 0 1 9 7 3 10:0.0306821
7 3 10 2 8 9 4 1 0:0.030678
7 10 2 1 9 0 3 4 8:0.0306752
7 3 10 0 4 1 9 8 2:0.030673
7 10 2 1 3 4 9 0 8:0.0306671
7 10 2 1 3 0 4 8 9:0.0306578
7 9 10 3 1 8 2 4 0:0.0306509
4 2 8 0 9 3 7 1 10:0.030647
4 2 8 0 3 1 9 7 10:0.0306449
4 2 8 0 10 7 1 3 9:0.0306439
4 2 8 0 10 7 3 1 9:0.030637
7 10 2 1 9 0 4 3 8:0.0306361
7 3 10 0 2 1 9 4 8:0.0306358
7 3 2 10 4 8 9 0 1:0.0306189
4 2 8 0 7 3 1 10 9:0.0306141
4 2 8 1 7 3 10 0 9:0.0306132
7 3 10 2 8 0 1 9 4:0.030612
4 2 8 0 10 1 3 9 7:0.0306089
4 7 1 0 3 2 9 10 8:0.030607
4 2 8 7 3 9 1 10 0:0.030591
7 1 4 8 9 10 2 3 0:0.0305829
7 10 2 1 3 9 4 0 8:0.0305781
7 10 2 1 3 4 8 0 9:0.0305731
7 3 10 0 4 2 8 9 1:0.03057
4 2 8 0 9 10 3 1 7:0.0305681
4 2 8 7 3 10 0 1 9:0.0305631
7 1 4 8 2 10 3 0 9:0.0305629
4 2 8 1 7 9 3 0 10:0.030561
4 2 8 0 7 9 3 10 1:0.0305591
4 2 8 0 9 3 1 10 7:0.030551
4 2 8 0 9 1 10 3 7:0.0305471
4 2 8 0 9 3 7 10 1:0.030544
4 2 8 7 3 10 1 9 0:0.0305429
7 3 10 0 2 4 1 8 9:0.0305321
7 4 2 0 1 9 8 10 3:0.0305309
4 7 1 0 10 2 8 9 3:0.0305281
7 10 2 1 9 0 8 4 3:0.0305231
7 4 2 0 9 10 3 1 8:0.0305228
4 7 3 8 0 1 10 2 9:0.030519
7 3 2 10 4 8 1 0 9:0.0305099
7 4 2 0 1 9 3 10 8:0.030508
4 2 8 0 10 7 9 1 3:0.030508
4 1 8 10 2 3 0 9 7:0.0305071
4 2 8 0 7 3 1 9 10:0.0305021
7 10 2 1 3 4 0 9 8:0.0304968
4 2 8 0 7 10 1 3 9:0.0304949
7 1 4 8 2 3 9 0 10:0.0304921
4 2 8 0 7 1 10 3 9:0.0304899
4 2 8 7 3 10 9 0 1:0.0304711
7 3 2 10 4 0 1 8 9:0.030463
4 2 8 0 7 9 1 10 3:0.0304599
7 4 2 0 1 9 10 3 8:0.0304592
4 2 8 7 3 9 10 0 1:0.0304511
7 4 2 0 9 3 10 8 1:0.0304451
4 2 8 7 3 9 10 1 0:0.0304329
7 4 2 0 1 10 9 8 3:0.030427
4 2 8 7 3 10 0 9 1:0.0304191
7 3 10 0 4 2 1 8 9:0.0304141
7 1 4 8 2 3 0 10 9:0.030407
7 4 2 0 1 9 10 8 3:0.0303981
4 2 8 0 7 10 9 3 1:0.030396
7 3 10 2 8 0 4 9 1:0.03037
4 2 8 0 7 3 9 10 1:0.030369
4 2 8 0 7 9 1 3 10:0.030355
7 4 2 0 3 8 10 9 1:0.03035
4 2 8 1 0 7 10 3 9:0.0303459
4 7 3 8 0 2 10 9 1:0.0303202
7 9 2 3 8 1 4 0 10:0.0303149
4 2 8 0 7 9 3 1 10:0.0302701
4 7 1 0 3 10 9 8 2:0.030267
4 1 8 10 0 2 7 3 9:0.0302641
7 4 2 0 1 10 3 9 8:0.030252
7 1 4 8 9 0 10 2 3:0.0302279
4 2 8 1 7 10 0 9 3:0.0302231
7 4 2 0 9 10 1 8 3:0.030201
4 2 8 0 9 3 10 1 7:0.0301661
4 2 8 7 3 10 1 0 9:0.0301368
7 3 10 2 8 0 1 4 9:0.030118
4 2 8 0 7 10 3 1 9:0.030112
4 2 8 0 3 9 10 7 1:0.0301099
7 4 2 0 10 3 1 9 8:0.030082
4 7 3 8 1 10 0 9 2:0.03
7 3 10 0 2 9 4 1 8:0.0299959
7 10 2 1 9 8 0 3 4:0.0299759
7 4 2 0 10 3 1 8 9:0.029954
4 2 8 0 1 10 3 7 9:0.0299442
7 3 10 2 8 1 9 4 0:0.029758
4 2 8 0 10 1 7 9 3:0.0295992
