100
9 10 0 8 4 3 2 7 1:0.0306289
9 10 0 3 8 2 1 4 7:0.0306289
9 7 10 4 3 8 2 1 0:0.0306289
1 3 7 10 0 4 2 9 8:0.0306251
9 8 4 1 2 10 7 3 0:0.0306242
9 10 0 8 2 3 4 7 1:0.0306211
9 8 4 1 10 3 2 7 0:0.030617
1 4 8 10 3 9 0 7 2:0.030611
9 8 4 0 1 3 7 2 10:0.0306039
9 8 4 1 2 7 10 3 0:0.030602
9 0 8 4 1 2 10 7 3:0.030601
1 3 8 0 9 7 10 2 4:0.030601
9 10 0 8 1 7 2 3 4:0.0305998
9 7 10 4 3 2 0 1 8:0.0305932
9 10 0 8 7 3 2 1 4:0.030591
9 10 1 7 2 3 0 4 8:0.030591
9 10 0 8 7 3 4 1 2:0.0305831
9 8 4 10 2 3 0 7 1:0.03058
9 7 10 4 8 2 3 1 0:0.0305669
1 3 8 0 7 9 10 2 4:0.0305631
9 10 0 8 2 3 4 1 7:0.0305581
10 7 8 4 1 2 9 0 3:0.0305512
9 10 0 8 4 3 1 2 7:0.030551
9 10 0 8 7 3 4 2 1:0.03055
9 10 0 8 7 1 3 2 4:0.03055
10 2 1 9 4 0 3 7 8:0.030545
9 8 4 1 7 10 2 3 0:0.030545
9 10 1 7 2 0 4 8 3:0.0305431
9 8 4 1 10 7 0 3 2:0.0305431
9 0 7 10 4 8 2 3 1:0.0305381
9 10 1 7 2 3 8 0 4:0.0305369
9 10 1 7 4 2 8 3 0:0.0305319
9 7 10 4 3 2 8 1 0:0.0305319
9 3 2 10 7 4 1 8 0:0.0305259
9 0 8 4 1 2 7 3 10:0.0305238
10 7 3 8 9 4 2 1 0:0.0305181
9 10 1 7 4 2 3 0 8:0.0305178
1 9 0 4 10 3 7 8 2:0.0305169
1 3 8 0 2 9 4 10 7:0.030514
9 0 8 4 3 10 1 7 2:0.030513
1 3 8 0 2 4 9 7 10:0.0305109
9 7 10 4 3 8 2 0 1:0.0305061
1 3 8 0 2 4 7 9 10:0.030498
1 4 8 10 3 9 2 7 0:0.0304842
9 10 0 8 2 3 1 4 7:0.0304809
9 8 4 1 10 0 3 2 7:0.0304761
10 4 1 3 9 2 8 7 0:0.0304718
1 4 8 3 7 10 2 9 0:0.0304701
9 8 4 1 7 3 2 0 10:0.030468
9 10 1 7 4 2 0 3 8:0.0304601
9 7 10 4 1 8 0 3 2:0.0304561
1 3 8 0 2 7 9 10 4:0.030453
9 10 0 3 8 2 1 7 4:0.0304432
9 7 10 4 1 8 2 3 0:0.030442
9 7 10 4 1 8 3 2 0:0.030437
9 0 8 2 7 10 4 3 1:0.0304129
9 10 0 8 3 1 4 7 2:0.030401
1 4 8 3 7 9 0 2 10:0.0303872
9 10 1 7 3 2 0 4 8:0.0303819
9 8 4 1 10 7 3 0 2:0.0303719
10 7 8 4 1 2 0 3 9:0.0303681
1 3 8 9 2 4 7 0 10:0.0303659
9 8 4 1 10 0 3 7 2:0.0303531
9 10 1 7 4 3 2 0 8:0.0303521
9 7 10 4 1 8 0 2 3:0.0303502
9 10 0 8 7 1 3 4 2:0.0303321
9 7 10 4 3 2 8 0 1:0.0303271
1 4 8 3 9 2 0 10 7:0.0303242
9 8 4 1 10 2 3 0 7:0.0303211
9 10 1 7 2 3 0 8 4:0.0303199
1 3 8 0 2 10 7 4 9:0.030318
1 3 8 0 9 7 10 4 2:0.0303171
9 0 8 2 7 4 1 10 3:0.0303159
9 10 0 8 7 2 1 3 4:0.030308
9 10 0 8 7 1 2 3 4:0.0302951
10 7 3 8 1 9 0 2 4:0.030292
9 10 0 8 7 2 3 4 1:0.0302849
1 3 8 0 9 10 7 4 2:0.0302691
1 4 8 10 3 9 7 0 2:0.0302491
9 10 0 8 7 1 2 4 3:0.0302479
10 7 8 4 2 0 1 9 3:0.0302091
9 8 4 10 2 1 3 0 7:0.0302069
9 10 0 8 7 1 4 3 2:0.0301969
9 8 4 1 2 0 3 7 10:0.0301909
1 4 8 3 7 2 0 10 9:0.0301442
9 10 0 8 2 3 1 7 4:0.030138
9 10 1 7 2 3 4 8 0:0.030133
1 2 3 9 10 4 7 0 8:0.0301299
1 4 8 3 7 2 10 0 9:0.0301259
9 10 0 8 7 1 4 2 3:0.030123
1 4 8 3 7 2 0 9 10:0.0300701
1 3 7 10 0 2 9 8 4:0.0300112
9 8 4 1 2 3 0 10 7:0.03001
9 10 1 7 4 3 0 8 2:0.02999
1 4 8 10 3 9 0 2 7:0.0299659
9 8 4 1 10 7 3 2 0:0.0299201
9 10 0 8 2 1 7 3 4:0.0299032
9 10 1 7 4 3 8 2 0:0.0298998
9 8 4 1 2 10 0 7 3:0.0298691
9 8 4 1 2 3 10 7 0:0.029624
