10 3 1 0 9 4 2 8 7:0.517432
10 3 1 0 4 9 2 8 7:0.517155
10 3 1 0 9 2 4 8 7:0.516997
10 3 1 0 7 4 8 2 9:0.516517
10 3 1 0 4 9 8 2 7:0.516438
10 3 1 0 9 4 8 2 7:0.51594
10 3 1 0 2 9 7 8 4:0.51594
10 3 1 0 4 2 9 8 7:0.515688
3 2 10 0 1 9 4 8 7:0.515601
10 3 1 0 9 4 8 7 2:0.514672
3 2 10 0 1 4 9 8 7:0.513507
10 9 3 1 7 8 0 4 2:0.513222
10 9 3 1 7 8 2 4 0:0.512759
10 3 1 0 9 7 8 2 4:0.512758
10 9 3 1 7 8 4 0 2:0.511718
10 9 3 1 7 8 4 2 0:0.511542
10 9 3 1 7 8 2 0 4:0.511237
3 2 10 0 9 7 4 1 8:0.508914
10 9 3 1 7 8 0 2 4:0.508788
10 3 1 0 7 8 9 2 4:0.507132
10 9 3 1 7 0 4 2 8:0.506693
3 7 10 9 4 1 2 8 0:0.506656
10 3 1 0 7 4 9 2 8:0.506504
10 9 3 1 7 0 8 2 4:0.505329
10 9 3 1 7 0 4 8 2:0.502609
10 3 1 0 7 2 8 9 4:0.501154
10 3 1 0 7 8 9 4 2:0.501096
10 3 1 0 7 8 2 9 4:0.501096
3 9 4 10 1 0 7 2 8:0.500692
3 9 4 10 1 7 8 0 2:0.500199
10 3 1 0 2 7 8 9 4:0.500124
10 3 1 0 7 8 2 4 9:0.500088
10 9 3 1 4 7 2 0 8:0.499736
3 9 4 10 1 2 0 7 8:0.499305
3 9 4 10 1 2 7 8 0:0.499196
3 2 10 0 1 7 8 4 9:0.498896
10 9 3 1 7 0 8 4 2:0.498887
10 3 1 0 7 4 8 9 2:0.498737
10 9 3 1 7 0 2 4 8:0.498603
10 3 1 0 7 2 8 4 9:0.498526
10 3 1 0 7 8 4 9 2:0.498206
3 9 4 10 1 7 2 0 8:0.498202
3 2 10 0 1 7 8 9 4:0.498133
10 3 1 0 4 7 8 2 9:0.497626
10 9 3 1 7 0 2 8 4:0.497559
10 3 1 0 2 7 8 4 9:0.497314
3 9 4 10 1 7 2 8 0:0.497232
10 3 1 0 7 2 9 4 8:0.497109
10 3 1 0 7 9 8 2 4:0.497105
10 3 1 0 4 7 9 8 2:0.496796
10 3 1 0 4 7 8 9 2:0.496413
10 3 1 0 7 9 4 8 2:0.496268
3 2 10 0 1 4 7 8 9:0.495805
3 2 10 0 1 9 4 7 8:0.49575
10 3 1 0 4 7 2 8 9:0.495634
10 3 1 0 7 4 2 8 9:0.494858
10 3 1 0 2 4 7 8 9:0.494631
10 3 1 0 2 9 4 7 8:0.494368
10 3 1 0 7 2 4 8 9:0.494176
3 2 10 0 1 7 4 8 9:0.493772
10 3 1 0 7 9 8 4 2:0.49355
10 3 1 0 7 2 9 8 4:0.493186
3 9 4 10 1 7 0 8 2:0.492771
10 3 1 0 7 9 4 2 8:0.492527
3 2 10 0 1 9 7 8 4:0.492356
10 3 1 0 4 2 7 8 9:0.492285
10 3 1 0 2 4 7 9 8:0.492186
10 3 1 0 7 9 2 8 4:0.491946
3 2 10 0 1 7 9 8 4:0.491781
10 3 1 0 2 7 9 8 4:0.491523
10 3 1 0 9 7 8 4 2:0.491317
10 3 1 0 4 2 7 9 8:0.491158
10 3 1 0 7 4 9 8 2:0.490392
10 3 1 0 9 4 2 7 8:0.490256
10 3 1 0 7 4 2 9 8:0.490112
10 3 1 0 7 9 2 4 8:0.489743
10 3 1 0 4 9 7 8 2:0.489699
10 3 1 0 9 7 2 8 4:0.489687
3 9 4 10 1 7 0 2 8:0.489593
10 3 1 0 7 2 4 9 8:0.489276
10 3 1 0 9 2 7 8 4:0.489275
10 3 1 0 2 7 9 4 8:0.489173
10 3 1 0 4 7 2 9 8:0.488875
10 3 1 0 2 9 7 4 8:0.48869
10 3 1 0 9 7 2 4 8:0.488382
3 2 10 0 1 9 7 4 8:0.488351
10 3 1 0 2 4 9 7 8:0.488314
3 2 10 0 1 4 7 9 8:0.488288
10 3 1 0 9 4 7 2 8:0.487762
10 3 1 0 2 7 4 9 8:0.487589
3 9 4 10 1 2 7 0 8:0.487493
10 3 1 0 4 9 2 7 8:0.487407
10 3 1 0 9 4 7 8 2:0.487379
10 3 1 0 9 7 4 8 2:0.487234
10 3 1 0 4 7 9 2 8:0.487208
10 3 1 0 9 2 4 7 8:0.4871
3 2 10 0 1 7 4 9 8:0.486891
10 3 1 0 9 2 7 4 8:0.485955
3 2 10 0 1 7 9 4 8:0.485273
10 3 1 0 4 2 9 7 8:0.484492
9 0 1 10 7 2 4 8 3:0.484941
10 0 1 9 4 7 2 8 3:0.484929
10 0 9 2 1 4 7 8 3:0.484896
9 0 10 1 4 7 2 8 3:0.484896
9 0 1 10 4 2 7 8 3:0.484873
9 1 3 7 0 10 4 8 2:0.484859
1 10 2 7 4 0 9 8 3:0.484839
9 1 3 7 0 10 2 4 8:0.484821
9 7 1 0 10 2 4 8 3:0.484807
1 2 3 9 10 0 4 7 8:0.484796
9 3 10 0 1 2 7 4 8:0.484778
1 10 0 9 4 2 7 8 3:0.484742
9 4 7 0 10 1 2 8 3:0.484734
9 0 1 7 4 10 2 8 3:0.484729
1 2 3 9 10 4 7 0 8:0.48464
9 7 10 1 0 2 4 8 3:0.484584
9 2 7 10 0 1 4 8 3:0.484576
10 0 9 1 4 2 7 8 3:0.484526
9 0 10 1 7 4 8 3 2:0.484489
1 9 2 7 10 0 4 8 3:0.484489
9 1 3 7 0 4 10 8 2:0.484444
9 1 0 4 10 2 7 8 3:0.484396
9 1 3 7 2 0 4 10 8:0.484288
9 1 0 10 2 7 4 8 3:0.48427
1 2 3 9 10 4 0 7 8:0.484121
9 1 3 7 0 4 2 10 8:0.484102
1 9 7 2 3 4 10 0 8:0.484071
9 2 1 0 10 7 4 8 3:0.483927
1 2 3 9 0 10 7 8 4:0.483906
9 1 0 10 4 7 2 8 3:0.483869
1 3 0 10 2 7 4 8 9:0.483828
9 0 1 2 7 3 10 4 8:0.483668
9 2 4 3 7 0 10 1 8:0.483628
9 1 3 7 10 0 4 2 8:0.483616
9 1 0 10 2 4 7 8 3:0.483548
10 0 1 4 2 9 7 8 3:0.483544
1 3 0 10 2 7 4 9 8:0.48352
9 2 4 3 7 1 0 10 8:0.483465
9 2 4 3 7 10 0 1 8:0.483449
10 4 9 3 1 2 0 7 8:0.483312
1 3 0 10 4 7 8 2 9:0.483286
1 3 0 10 2 7 9 8 4:0.483267
9 2 7 1 10 0 4 8 3:0.483091
9 0 1 2 4 7 10 8 3:0.483029
1 9 7 2 3 0 10 4 8:0.483011
9 2 4 3 7 1 10 0 8:0.482859
9 2 4 3 0 10 1 7 8:0.48279
9 0 1 2 4 10 7 3 8:0.482773
1 3 0 10 4 7 8 9 2:0.482655
9 2 7 0 1 10 4 8 3:0.482491
1 2 3 9 10 0 7 4 8:0.482344
1 3 0 10 9 7 8 2 4:0.48214
1 3 0 10 4 7 2 8 9:0.482121
1 3 0 10 2 9 7 4 8:0.482102
1 3 0 10 7 4 2 8 9:0.482006
9 2 4 3 7 10 1 0 8:0.481824
1 3 0 10 7 4 8 9 2:0.481628
1 3 0 10 9 7 2 8 4:0.48154
10 4 9 3 1 7 0 8 2:0.481526
1 3 0 10 7 4 9 8 2:0.481472
1 3 0 10 7 2 4 8 9:0.481149
10 4 9 3 1 0 7 8 2:0.480929
10 4 9 3 1 7 2 0 8:0.480924
1 3 0 10 9 7 8 4 2:0.480916
1 3 0 10 9 2 7 8 4:0.480844
1 2 3 9 0 10 7 4 8:0.48074
9 1 3 7 2 4 10 0 8:0.480714
1 3 0 10 7 9 8 4 2:0.480497
1 3 0 10 7 9 2 8 4:0.480375
9 1 3 7 2 10 0 4 8:0.48003
10 4 9 3 0 1 7 8 2:0.479879
1 3 0 10 2 7 9 4 8:0.479753
1 3 0 10 4 2 7 9 8:0.479741
10 4 9 3 1 7 0 2 8:0.479694
10 4 9 3 1 2 7 0 8:0.479687
1 3 0 10 2 4 9 7 8:0.479299
1 3 0 10 7 9 4 8 2:0.479217
1 3 0 10 4 9 7 8 2:0.479166
1 3 0 10 4 2 9 7 8:0.479091
1 3 0 10 7 9 4 2 8:0.479067
1 3 0 10 2 4 7 9 8:0.479044
9 0 1 2 4 10 7 8 3:0.478975
1 3 0 10 4 7 9 8 2:0.478966
1 3 0 10 4 9 7 2 8:0.478643
1 3 0 10 4 9 2 7 8:0.478456
1 3 0 10 7 9 2 4 8:0.478369
1 3 0 10 9 7 4 2 8:0.478286
10 4 9 3 1 0 7 2 8:0.478001
1 3 0 10 7 2 4 9 8:0.477867
1 3 0 10 9 4 7 2 8:0.477777
1 3 0 10 9 7 2 4 8:0.477413
1 3 0 10 4 7 2 9 8:0.47739
1 3 0 10 9 7 4 8 2:0.477135
1 3 0 10 9 2 4 7 8:0.477115
1 3 0 10 9 4 2 7 8:0.476906
1 3 0 10 4 7 9 2 8:0.47678
1 3 0 10 7 4 9 2 8:0.476641
1 3 0 10 2 9 4 7 8:0.476541
1 3 0 10 7 2 9 4 8:0.475459
1 3 0 10 9 2 7 4 8:0.475195
4 10 1 0 9 7 8 3 2:0.484941
4 10 1 0 9 7 3 2 8:0.484915
2 7 9 10 1 0 4 8 3:0.484906
4 9 1 0 10 7 2 3 8:0.484906
0 10 1 2 4 9 7 8 3:0.484901
2 9 1 0 10 7 3 4 8:0.484896
2 7 10 0 1 9 4 8 3:0.484875
2 10 0 1 9 4 7 8 3:0.484872
0 9 10 4 7 1 8 3 2:0.484851
4 9 1 0 7 10 2 3 8:0.484838
0 9 7 10 1 2 4 8 3:0.484824
4 3 2 9 1 0 7 10 8:0.484819
4 9 10 2 7 1 0 8 3:0.484787
2 3 4 10 1 0 9 7 8:0.484758
4 9 3 1 0 10 7 2 8:0.484756
2 9 4 0 10 1 7 8 3:0.48474
0 10 1 9 7 4 8 3 2:0.484739
4 3 2 9 10 0 1 7 8:0.484724
4 9 10 1 0 7 8 2 3:0.484723
2 9 7 10 1 0 4 8 3:0.484721
4 9 10 0 1 2 7 3 8:0.484706
0 2 9 7 1 10 4 8 3:0.484682
4 9 1 0 7 2 10 8 3:0.484681
2 7 9 10 0 1 4 8 3:0.484678
0 1 9 4 10 2 7 8 3:0.484664
4 10 0 1 2 9 7 8 3:0.484662
0 2 9 4 1 10 7 8 3:0.484604
4 9 1 0 10 2 7 8 3:0.48459
4 9 3 0 1 10 2 7 8:0.484543
4 10 3 7 0 2 1 9 8:0.484523
2 3 1 7 9 10 0 4 8:0.484518
2 1 9 0 10 7 4 8 3:0.484516
4 10 3 7 0 1 9 8 2:0.484489
4 10 3 7 1 0 9 2 8:0.484487
2 4 9 0 10 1 7 8 3:0.484477
2 9 0 7 1 10 4 8 3:0.484424
2 0 10 3 9 1 4 7 8:0.484424
4 10 0 9 2 7 1 8 3:0.484416
2 0 10 1 9 7 4 8 3:0.484394
2 9 1 0 7 10 4 8 3:0.484371
2 9 7 10 0 1 4 8 3:0.484368
2 9 4 1 10 0 7 8 3:0.484332
2 9 4 7 10 0 1 8 3:0.484322
4 9 1 0 2 7 10 8 3:0.48419
2 9 7 0 1 10 4 3 8:0.48418
4 10 1 0 9 7 2 8 3:0.484151
4 9 1 0 10 3 2 7 8:0.484112
4 9 1 0 10 3 7 2 8:0.484097
4 10 3 7 0 9 1 8 2:0.484075
2 4 9 7 1 10 0 8 3:0.48407
4 10 0 1 9 2 7 8 3:0.484033
4 9 1 0 7 2 10 3 8:0.484033
4 10 3 7 0 9 1 2 8:0.484021
0 10 1 2 9 7 4 8 3:0.483952
2 9 1 10 0 7 4 8 3:0.483933
4 9 3 10 0 1 7 8 2:0.483763
4 9 1 0 7 10 2 8 3:0.483749
2 4 9 7 0 10 1 8 3:0.48367
2 9 4 1 0 10 7 8 3:0.483637
2 3 1 7 0 10 9 4 8:0.483632
2 4 9 7 10 0 1 3 8:0.483413
2 10 4 7 3 0 9 1 8:0.483383
2 10 4 7 3 1 0 9 8:0.483375
0 9 10 4 2 7 1 8 3:0.483344
4 9 10 0 7 2 1 8 3:0.483315
4 9 1 0 10 7 2 8 3:0.483184
2 9 1 0 10 7 4 3 8:0.483145
2 4 9 7 10 0 1 8 3:0.482889
2 0 10 3 9 1 7 8 4:0.482848
2 10 4 7 3 9 0 1 8:0.482796
2 10 4 7 3 1 9 0 8:0.482773
2 9 10 0 1 7 4 8 3:0.482651
2 9 1 0 10 4 7 8 3:0.482648
2 3 1 7 0 4 10 9 8:0.48253
2 3 1 7 9 4 10 0 8:0.482521
2 0 10 3 9 7 4 1 8:0.482275
2 4 9 7 1 0 10 8 3:0.481878
2 10 0 1 9 7 4 8 3:0.481608
2 0 10 3 9 4 7 1 8:0.481526
4 10 3 7 0 1 2 9 8:0.481347
2 3 1 7 4 0 9 10 8:0.481278
4 10 3 7 2 9 1 0 8:0.481231
2 3 1 7 4 10 9 0 8:0.481159
2 3 1 7 4 9 10 0 8:0.481103
2 3 1 7 4 9 0 10 8:0.481078
2 0 10 3 9 4 1 7 8:0.481006
2 0 10 3 1 9 7 8 4:0.48077
2 10 4 7 3 9 1 0 8:0.480761
4 10 3 7 2 9 0 1 8:0.480551
2 3 1 7 4 0 10 9 8:0.480286
2 0 10 3 1 7 9 4 8:0.480109
2 0 10 3 9 7 1 4 8:0.479294
2 0 10 3 9 1 7 4 8:0.478952
2 3 0 10 9 1 4 7 8:0.478682
2 0 10 3 1 4 9 7 8:0.478454
2 3 1 7 4 10 0 9 8:0.47787
2 0 10 3 1 9 4 7 8:0.477681
2 0 10 3 1 9 7 4 8:0.477048
2 3 0 10 9 1 7 4 8:0.476086
2 3 0 10 9 4 1 7 8:0.475848
4 9 7 1 0 10 2 3 8:0.484753
4 2 9 1 0 10 7 3 8:0.484705
4 0 9 1 10 7 2 8 3:0.484695
4 9 7 10 1 0 8 3 2:0.484689
4 0 2 7 1 10 8 9 3:0.484678
4 9 0 10 3 7 1 8 2:0.484678
7 4 9 1 0 10 2 8 3:0.484661
4 9 7 10 1 2 0 8 3:0.48466
4 9 2 7 3 10 0 1 8:0.484641
4 0 2 9 10 1 7 8 3:0.484609
7 0 1 9 2 10 4 3 8:0.484587
4 9 7 10 1 0 8 2 3:0.484572
4 7 2 10 0 1 9 8 3:0.484545
4 1 3 9 0 10 7 2 8:0.484542
4 2 3 1 10 0 9 7 8:0.484513
4 9 7 2 0 10 1 8 3:0.484493
4 2 3 10 0 1 9 7 8:0.484401
4 7 0 1 10 9 8 2 3:0.484398
7 10 0 9 1 4 2 8 3:0.484358
4 9 7 2 3 1 0 10 8:0.484348
4 9 7 2 10 0 1 8 3:0.484346
4 2 9 10 1 0 7 8 3:0.484296
4 2 1 10 7 9 3 8 0:0.484286
4 9 2 3 0 1 10 7 8:0.484279
4 2 9 0 7 10 1 8 3:0.484265
4 9 0 1 10 7 8 3 2:0.48423
4 9 0 10 1 2 7 8 3:0.484228
7 9 10 1 0 2 4 8 3:0.484213
4 0 9 7 2 1 10 8 3:0.48407
7 10 1 2 9 4 0 8 3:0.483998
4 9 0 1 10 3 7 2 8:0.483935
4 2 7 1 10 0 9 8 3:0.483894
4 2 9 3 7 1 10 0 8:0.483829
7 10 1 2 9 0 4 3 8:0.483806
4 7 10 2 1 9 0 8 3:0.483756
4 9 7 2 3 10 1 0 8:0.483721
4 1 10 0 7 9 8 3 2:0.483678
4 1 9 0 10 7 2 8 3:0.48365
4 0 9 1 2 7 10 8 3:0.483642
4 2 9 7 10 0 1 8 3:0.483629
4 7 2 9 0 10 1 8 3:0.483583
4 2 10 0 9 1 7 3 8:0.483558
4 2 1 10 9 7 8 0 3:0.483551
4 2 9 7 10 1 0 8 3:0.48346
4 2 1 10 7 3 0 8 9:0.483334
4 9 0 1 10 2 7 3 8:0.483316
4 1 10 9 0 2 7 8 3:0.483306
4 1 10 0 9 7 2 8 3:0.483135
4 2 1 10 7 0 8 3 9:0.483106
4 9 2 10 1 0 7 8 3:0.483075
7 10 1 2 0 3 4 9 8:0.483047
4 9 1 2 0 10 7 8 3:0.482969
4 2 1 10 7 9 8 3 0:0.482934
4 2 1 10 7 3 9 0 8:0.482768
4 2 1 10 3 7 0 9 8:0.482718
4 2 9 7 1 0 10 8 3:0.482688
4 1 9 0 10 7 8 2 3:0.482649
4 2 1 10 7 0 3 8 9:0.482616
4 2 1 10 3 7 9 0 8:0.482525
4 2 1 10 0 3 7 8 9:0.482468
7 10 1 2 9 0 4 8 3:0.482322
4 2 1 9 0 10 7 8 3:0.482232
4 0 2 7 1 3 10 9 8:0.482111
7 3 2 10 4 0 1 9 8:0.481952
4 0 2 7 9 10 1 8 3:0.481901
4 2 9 3 0 1 10 7 8:0.481892
4 2 0 1 10 9 7 8 3:0.481881
4 2 1 10 0 7 8 3 9:0.481823
7 9 0 10 1 4 2 8 3:0.481798
4 0 2 7 1 9 10 3 8:0.481296
4 9 0 2 1 10 7 8 3:0.481229
4 2 1 10 0 7 8 9 3:0.481183
4 2 1 10 0 7 9 3 8:0.481027
7 10 1 2 0 3 9 4 8:0.48076
4 2 1 10 9 3 7 0 8:0.480747
4 0 2 7 9 1 10 8 3:0.480744
4 9 7 10 1 0 2 8 3:0.480698
4 2 1 10 7 0 8 9 3:0.480569
4 0 2 7 1 10 3 9 8:0.480444
7 0 1 9 2 10 4 8 3:0.480417
7 10 1 2 0 9 3 4 8:0.480124
4 2 1 10 0 3 9 7 8:0.479573
4 0 2 7 1 9 3 10 8:0.478733
7 10 1 2 0 9 4 8 3:0.478411
4 2 1 10 7 3 0 9 8:0.477828
4 2 1 10 9 7 0 3 8:0.477704
4 2 1 10 0 7 9 8 3:0.477637
4 2 1 10 0 7 3 9 8:0.477517
4 2 1 10 9 0 3 7 8:0.477385
4 2 1 10 9 7 3 0 8:0.477143
4 2 1 10 7 0 9 3 8:0.477102
4 2 1 10 0 9 7 8 3:0.477082
4 0 2 7 1 9 10 8 3:0.476591
4 2 1 10 7 9 3 0 8:0.476552
4 2 1 10 7 9 0 3 8:0.476099
4 2 1 10 7 0 3 9 8:0.476023
4 2 1 10 0 9 7 3 8:0.475443
4 2 1 10 0 9 3 7 8:0.47409
4 2 1 10 9 0 7 8 3:0.47402
4 2 1 10 7 9 0 8 3:0.472978
