10 3 1 0 9 4 2 8 7:0.517432
10 3 1 0 4 9 2 8 7:0.517155
10 3 1 0 9 2 4 8 7:0.516997
10 3 1 0 7 4 8 2 9:0.516517
10 3 1 0 4 9 8 2 7:0.516438
10 3 1 0 9 4 8 2 7:0.51594
10 3 1 0 2 9 7 8 4:0.51594
10 3 1 0 4 2 9 8 7:0.515688
3 2 10 0 1 9 4 8 7:0.515601
10 3 1 0 9 4 8 7 2:0.514672
3 2 10 0 1 4 9 8 7:0.513507
10 9 3 1 7 8 0 4 2:0.513222
10 9 3 1 7 8 2 4 0:0.512759
10 3 1 0 9 7 8 2 4:0.512758
10 9 3 1 7 8 4 0 2:0.511718
10 9 3 1 7 8 4 2 0:0.511542
10 9 3 1 7 8 2 0 4:0.511237
3 2 10 0 9 7 4 1 8:0.508914
10 9 3 1 7 8 0 2 4:0.508788
10 3 1 0 7 8 9 2 4:0.507132
10 9 3 1 7 0 4 2 8:0.506693
3 7 10 9 4 1 2 8 0:0.506656
10 3 1 0 7 4 9 2 8:0.506504
10 9 3 1 7 0 8 2 4:0.505329
10 9 3 1 7 0 4 8 2:0.502609
10 3 1 0 7 2 8 9 4:0.501154
10 3 1 0 7 8 9 4 2:0.501096
10 3 1 0 7 8 2 9 4:0.501096
3 9 4 10 1 0 7 2 8:0.500692
3 9 4 10 1 7 8 0 2:0.500199
10 3 1 0 2 7 8 9 4:0.500124
10 3 1 0 7 8 2 4 9:0.500088
10 9 3 1 4 7 2 0 8:0.499736
3 9 4 10 1 2 0 7 8:0.499305
3 9 4 10 1 2 7 8 0:0.499196
3 2 10 0 1 7 8 4 9:0.498896
10 9 3 1 7 0 8 4 2:0.498887
10 3 1 0 7 4 8 9 2:0.498737
10 9 3 1 7 0 2 4 8:0.498603
10 3 1 0 7 2 8 4 9:0.498526
10 3 1 0 7 8 4 9 2:0.498206
3 9 4 10 1 7 2 0 8:0.498202
3 2 10 0 1 7 8 9 4:0.498133
10 3 1 0 4 7 8 2 9:0.497626
10 9 3 1 7 0 2 8 4:0.497559
10 3 1 0 2 7 8 4 9:0.497314
3 9 4 10 1 7 2 8 0:0.497232
10 3 1 0 7 2 9 4 8:0.497109
10 3 1 0 7 9 8 2 4:0.497105
10 3 1 0 4 7 9 8 2:0.496796
10 3 1 0 4 7 8 9 2:0.496413
10 3 1 0 7 9 4 8 2:0.496268
3 2 10 0 1 4 7 8 9:0.495805
3 2 10 0 1 9 4 7 8:0.49575
10 3 1 0 4 7 2 8 9:0.495634
10 3 1 0 7 4 2 8 9:0.494858
10 3 1 0 2 4 7 8 9:0.494631
10 3 1 0 2 9 4 7 8:0.494368
10 3 1 0 7 2 4 8 9:0.494176
3 2 10 0 1 7 4 8 9:0.493772
10 3 1 0 7 9 8 4 2:0.49355
10 3 1 0 7 2 9 8 4:0.493186
3 9 4 10 1 7 0 8 2:0.492771
10 3 1 0 7 9 4 2 8:0.492527
3 2 10 0 1 9 7 8 4:0.492356
10 3 1 0 4 2 7 8 9:0.492285
10 3 1 0 2 4 7 9 8:0.492186
10 3 1 0 7 9 2 8 4:0.491946
3 2 10 0 1 7 9 8 4:0.491781
10 3 1 0 2 7 9 8 4:0.491523
10 3 1 0 9 7 8 4 2:0.491317
10 3 1 0 4 2 7 9 8:0.491158
10 3 1 0 7 4 9 8 2:0.490392
10 3 1 0 9 4 2 7 8:0.490256
10 3 1 0 7 4 2 9 8:0.490112
10 3 1 0 7 9 2 4 8:0.489743
10 3 1 0 4 9 7 8 2:0.489699
10 3 1 0 9 7 2 8 4:0.489687
3 9 4 10 1 7 0 2 8:0.489593
10 3 1 0 7 2 4 9 8:0.489276
10 3 1 0 9 2 7 8 4:0.489275
10 3 1 0 2 7 9 4 8:0.489173
10 3 1 0 4 7 2 9 8:0.488875
10 3 1 0 2 9 7 4 8:0.48869
10 3 1 0 9 7 2 4 8:0.488382
3 2 10 0 1 9 7 4 8:0.488351
10 3 1 0 2 4 9 7 8:0.488314
3 2 10 0 1 4 7 9 8:0.488288
10 3 1 0 9 4 7 2 8:0.487762
10 3 1 0 2 7 4 9 8:0.487589
3 9 4 10 1 2 7 0 8:0.487493
10 3 1 0 4 9 2 7 8:0.487407
10 3 1 0 9 4 7 8 2:0.487379
10 3 1 0 9 7 4 8 2:0.487234
10 3 1 0 4 7 9 2 8:0.487208
10 3 1 0 9 2 4 7 8:0.4871
3 2 10 0 1 7 4 9 8:0.486891
10 3 1 0 9 2 7 4 8:0.485955
3 2 10 0 1 7 9 4 8:0.485273
10 3 1 0 4 2 9 7 8:0.484492
