mkdir: cannot create directory `xabdir': File exists
9 0 1 10 7 2 4 8 3:0.484941
10 0 1 9 4 7 2 8 3:0.484929
10 0 9 2 1 4 7 8 3:0.484896
9 0 10 1 4 7 2 8 3:0.484896
9 0 1 10 4 2 7 8 3:0.484873
9 1 3 7 0 10 4 8 2:0.484859
1 10 2 7 4 0 9 8 3:0.484839
9 1 3 7 0 10 2 4 8:0.484821
9 7 1 0 10 2 4 8 3:0.484807
1 2 3 9 10 0 4 7 8:0.484796
9 3 10 0 1 2 7 4 8:0.484778
1 10 0 9 4 2 7 8 3:0.484742
9 4 7 0 10 1 2 8 3:0.484734
9 0 1 7 4 10 2 8 3:0.484729
1 2 3 9 10 4 7 0 8:0.48464
9 7 10 1 0 2 4 8 3:0.484584
9 2 7 10 0 1 4 8 3:0.484576
10 0 9 1 4 2 7 8 3:0.484526
9 0 10 1 7 4 8 3 2:0.484489
1 9 2 7 10 0 4 8 3:0.484489
9 1 3 7 0 4 10 8 2:0.484444
9 1 0 4 10 2 7 8 3:0.484396
9 1 3 7 2 0 4 10 8:0.484288
9 1 0 10 2 7 4 8 3:0.48427
1 2 3 9 10 4 0 7 8:0.484121
9 1 3 7 0 4 2 10 8:0.484102
1 9 7 2 3 4 10 0 8:0.484071
9 2 1 0 10 7 4 8 3:0.483927
1 2 3 9 0 10 7 8 4:0.483906
9 1 0 10 4 7 2 8 3:0.483869
1 3 0 10 2 7 4 8 9:0.483828
9 0 1 2 7 3 10 4 8:0.483668
9 2 4 3 7 0 10 1 8:0.483628
9 1 3 7 10 0 4 2 8:0.483616
9 1 0 10 2 4 7 8 3:0.483548
10 0 1 4 2 9 7 8 3:0.483544
1 3 0 10 2 7 4 9 8:0.48352
9 2 4 3 7 1 0 10 8:0.483465
9 2 4 3 7 10 0 1 8:0.483449
10 4 9 3 1 2 0 7 8:0.483312
1 3 0 10 4 7 8 2 9:0.483286
1 3 0 10 2 7 9 8 4:0.483267
9 2 7 1 10 0 4 8 3:0.483091
9 0 1 2 4 7 10 8 3:0.483029
1 9 7 2 3 0 10 4 8:0.483011
9 2 4 3 7 1 10 0 8:0.482859
9 2 4 3 0 10 1 7 8:0.48279
9 0 1 2 4 10 7 3 8:0.482773
1 3 0 10 4 7 8 9 2:0.482655
9 2 7 0 1 10 4 8 3:0.482491
1 2 3 9 10 0 7 4 8:0.482344
1 3 0 10 9 7 8 2 4:0.48214
1 3 0 10 4 7 2 8 9:0.482121
1 3 0 10 2 9 7 4 8:0.482102
1 3 0 10 7 4 2 8 9:0.482006
9 2 4 3 7 10 1 0 8:0.481824
1 3 0 10 7 4 8 9 2:0.481628
1 3 0 10 9 7 2 8 4:0.48154
10 4 9 3 1 7 0 8 2:0.481526
1 3 0 10 7 4 9 8 2:0.481472
1 3 0 10 7 2 4 8 9:0.481149
10 4 9 3 1 0 7 8 2:0.480929
10 4 9 3 1 7 2 0 8:0.480924
1 3 0 10 9 7 8 4 2:0.480916
1 3 0 10 9 2 7 8 4:0.480844
1 2 3 9 0 10 7 4 8:0.48074
9 1 3 7 2 4 10 0 8:0.480714
1 3 0 10 7 9 8 4 2:0.480497
1 3 0 10 7 9 2 8 4:0.480375
9 1 3 7 2 10 0 4 8:0.48003
10 4 9 3 0 1 7 8 2:0.479879
1 3 0 10 2 7 9 4 8:0.479753
1 3 0 10 4 2 7 9 8:0.479741
10 4 9 3 1 7 0 2 8:0.479694
10 4 9 3 1 2 7 0 8:0.479687
1 3 0 10 2 4 9 7 8:0.479299
1 3 0 10 7 9 4 8 2:0.479217
1 3 0 10 4 9 7 8 2:0.479166
1 3 0 10 4 2 9 7 8:0.479091
1 3 0 10 7 9 4 2 8:0.479067
1 3 0 10 2 4 7 9 8:0.479044
9 0 1 2 4 10 7 8 3:0.478975
1 3 0 10 4 7 9 8 2:0.478966
1 3 0 10 4 9 7 2 8:0.478643
1 3 0 10 4 9 2 7 8:0.478456
1 3 0 10 7 9 2 4 8:0.478369
1 3 0 10 9 7 4 2 8:0.478286
10 4 9 3 1 0 7 2 8:0.478001
1 3 0 10 7 2 4 9 8:0.477867
1 3 0 10 9 4 7 2 8:0.477777
1 3 0 10 9 7 2 4 8:0.477413
1 3 0 10 4 7 2 9 8:0.47739
1 3 0 10 9 7 4 8 2:0.477135
1 3 0 10 9 2 4 7 8:0.477115
1 3 0 10 9 4 2 7 8:0.476906
1 3 0 10 4 7 9 2 8:0.47678
1 3 0 10 7 4 9 2 8:0.476641
1 3 0 10 2 9 4 7 8:0.476541
1 3 0 10 7 2 9 4 8:0.475459
1 3 0 10 9 2 7 4 8:0.475195
