4 10 1 0 9 7 8 3 2:0.484941
4 10 1 0 9 7 3 2 8:0.484915
2 7 9 10 1 0 4 8 3:0.484906
4 9 1 0 10 7 2 3 8:0.484906
0 10 1 2 4 9 7 8 3:0.484901
2 9 1 0 10 7 3 4 8:0.484896
2 7 10 0 1 9 4 8 3:0.484875
2 10 0 1 9 4 7 8 3:0.484872
0 9 10 4 7 1 8 3 2:0.484851
4 9 1 0 7 10 2 3 8:0.484838
0 9 7 10 1 2 4 8 3:0.484824
4 3 2 9 1 0 7 10 8:0.484819
4 9 10 2 7 1 0 8 3:0.484787
2 3 4 10 1 0 9 7 8:0.484758
4 9 3 1 0 10 7 2 8:0.484756
2 9 4 0 10 1 7 8 3:0.48474
0 10 1 9 7 4 8 3 2:0.484739
4 3 2 9 10 0 1 7 8:0.484724
4 9 10 1 0 7 8 2 3:0.484723
2 9 7 10 1 0 4 8 3:0.484721
4 9 10 0 1 2 7 3 8:0.484706
0 2 9 7 1 10 4 8 3:0.484682
4 9 1 0 7 2 10 8 3:0.484681
2 7 9 10 0 1 4 8 3:0.484678
0 1 9 4 10 2 7 8 3:0.484664
4 10 0 1 2 9 7 8 3:0.484662
0 2 9 4 1 10 7 8 3:0.484604
4 9 1 0 10 2 7 8 3:0.48459
4 9 3 0 1 10 2 7 8:0.484543
4 10 3 7 0 2 1 9 8:0.484523
2 3 1 7 9 10 0 4 8:0.484518
2 1 9 0 10 7 4 8 3:0.484516
4 10 3 7 0 1 9 8 2:0.484489
4 10 3 7 1 0 9 2 8:0.484487
2 4 9 0 10 1 7 8 3:0.484477
2 9 0 7 1 10 4 8 3:0.484424
2 0 10 3 9 1 4 7 8:0.484424
4 10 0 9 2 7 1 8 3:0.484416
2 0 10 1 9 7 4 8 3:0.484394
2 9 1 0 7 10 4 8 3:0.484371
2 9 7 10 0 1 4 8 3:0.484368
2 9 4 1 10 0 7 8 3:0.484332
2 9 4 7 10 0 1 8 3:0.484322
4 9 1 0 2 7 10 8 3:0.48419
2 9 7 0 1 10 4 3 8:0.48418
4 10 1 0 9 7 2 8 3:0.484151
4 9 1 0 10 3 2 7 8:0.484112
4 9 1 0 10 3 7 2 8:0.484097
4 10 3 7 0 9 1 8 2:0.484075
2 4 9 7 1 10 0 8 3:0.48407
4 10 0 1 9 2 7 8 3:0.484033
4 9 1 0 7 2 10 3 8:0.484033
4 10 3 7 0 9 1 2 8:0.484021
0 10 1 2 9 7 4 8 3:0.483952
2 9 1 10 0 7 4 8 3:0.483933
4 9 3 10 0 1 7 8 2:0.483763
4 9 1 0 7 10 2 8 3:0.483749
2 4 9 7 0 10 1 8 3:0.48367
2 9 4 1 0 10 7 8 3:0.483637
2 3 1 7 0 10 9 4 8:0.483632
2 4 9 7 10 0 1 3 8:0.483413
2 10 4 7 3 0 9 1 8:0.483383
2 10 4 7 3 1 0 9 8:0.483375
0 9 10 4 2 7 1 8 3:0.483344
4 9 10 0 7 2 1 8 3:0.483315
4 9 1 0 10 7 2 8 3:0.483184
2 9 1 0 10 7 4 3 8:0.483145
2 4 9 7 10 0 1 8 3:0.482889
2 0 10 3 9 1 7 8 4:0.482848
2 10 4 7 3 9 0 1 8:0.482796
2 10 4 7 3 1 9 0 8:0.482773
2 9 10 0 1 7 4 8 3:0.482651
2 9 1 0 10 4 7 8 3:0.482648
2 3 1 7 0 4 10 9 8:0.48253
2 3 1 7 9 4 10 0 8:0.482521
2 0 10 3 9 7 4 1 8:0.482275
2 4 9 7 1 0 10 8 3:0.481878
2 10 0 1 9 7 4 8 3:0.481608
2 0 10 3 9 4 7 1 8:0.481526
4 10 3 7 0 1 2 9 8:0.481347
2 3 1 7 4 0 9 10 8:0.481278
4 10 3 7 2 9 1 0 8:0.481231
2 3 1 7 4 10 9 0 8:0.481159
2 3 1 7 4 9 10 0 8:0.481103
2 3 1 7 4 9 0 10 8:0.481078
2 0 10 3 9 4 1 7 8:0.481006
2 0 10 3 1 9 7 8 4:0.48077
2 10 4 7 3 9 1 0 8:0.480761
4 10 3 7 2 9 0 1 8:0.480551
2 3 1 7 4 0 10 9 8:0.480286
2 0 10 3 1 7 9 4 8:0.480109
2 0 10 3 9 7 1 4 8:0.479294
2 0 10 3 9 1 7 4 8:0.478952
2 3 0 10 9 1 4 7 8:0.478682
2 0 10 3 1 4 9 7 8:0.478454
2 3 1 7 4 10 0 9 8:0.47787
2 0 10 3 1 9 4 7 8:0.477681
2 0 10 3 1 9 7 4 8:0.477048
2 3 0 10 9 1 7 4 8:0.476086
2 3 0 10 9 4 1 7 8:0.475848
