4 9 7 1 0 10 2 3 8:0.484753
4 2 9 1 0 10 7 3 8:0.484705
4 0 9 1 10 7 2 8 3:0.484695
4 9 7 10 1 0 8 3 2:0.484689
4 0 2 7 1 10 8 9 3:0.484678
4 9 0 10 3 7 1 8 2:0.484678
7 4 9 1 0 10 2 8 3:0.484661
4 9 7 10 1 2 0 8 3:0.48466
4 9 2 7 3 10 0 1 8:0.484641
4 0 2 9 10 1 7 8 3:0.484609
7 0 1 9 2 10 4 3 8:0.484587
4 9 7 10 1 0 8 2 3:0.484572
4 7 2 10 0 1 9 8 3:0.484545
4 1 3 9 0 10 7 2 8:0.484542
4 2 3 1 10 0 9 7 8:0.484513
4 9 7 2 0 10 1 8 3:0.484493
4 2 3 10 0 1 9 7 8:0.484401
4 7 0 1 10 9 8 2 3:0.484398
7 10 0 9 1 4 2 8 3:0.484358
4 9 7 2 3 1 0 10 8:0.484348
4 9 7 2 10 0 1 8 3:0.484346
4 2 9 10 1 0 7 8 3:0.484296
4 2 1 10 7 9 3 8 0:0.484286
4 9 2 3 0 1 10 7 8:0.484279
4 2 9 0 7 10 1 8 3:0.484265
4 9 0 1 10 7 8 3 2:0.48423
4 9 0 10 1 2 7 8 3:0.484228
7 9 10 1 0 2 4 8 3:0.484213
4 0 9 7 2 1 10 8 3:0.48407
7 10 1 2 9 4 0 8 3:0.483998
4 9 0 1 10 3 7 2 8:0.483935
4 2 7 1 10 0 9 8 3:0.483894
4 2 9 3 7 1 10 0 8:0.483829
7 10 1 2 9 0 4 3 8:0.483806
4 7 10 2 1 9 0 8 3:0.483756
4 9 7 2 3 10 1 0 8:0.483721
4 1 10 0 7 9 8 3 2:0.483678
4 1 9 0 10 7 2 8 3:0.48365
4 0 9 1 2 7 10 8 3:0.483642
4 2 9 7 10 0 1 8 3:0.483629
4 7 2 9 0 10 1 8 3:0.483583
4 2 10 0 9 1 7 3 8:0.483558
4 2 1 10 9 7 8 0 3:0.483551
4 2 9 7 10 1 0 8 3:0.48346
4 2 1 10 7 3 0 8 9:0.483334
4 9 0 1 10 2 7 3 8:0.483316
4 1 10 9 0 2 7 8 3:0.483306
4 1 10 0 9 7 2 8 3:0.483135
4 2 1 10 7 0 8 3 9:0.483106
4 9 2 10 1 0 7 8 3:0.483075
7 10 1 2 0 3 4 9 8:0.483047
4 9 1 2 0 10 7 8 3:0.482969
4 2 1 10 7 9 8 3 0:0.482934
4 2 1 10 7 3 9 0 8:0.482768
4 2 1 10 3 7 0 9 8:0.482718
4 2 9 7 1 0 10 8 3:0.482688
4 1 9 0 10 7 8 2 3:0.482649
4 2 1 10 7 0 3 8 9:0.482616
4 2 1 10 3 7 9 0 8:0.482525
4 2 1 10 0 3 7 8 9:0.482468
7 10 1 2 9 0 4 8 3:0.482322
4 2 1 9 0 10 7 8 3:0.482232
4 0 2 7 1 3 10 9 8:0.482111
7 3 2 10 4 0 1 9 8:0.481952
4 0 2 7 9 10 1 8 3:0.481901
4 2 9 3 0 1 10 7 8:0.481892
4 2 0 1 10 9 7 8 3:0.481881
4 2 1 10 0 7 8 3 9:0.481823
7 9 0 10 1 4 2 8 3:0.481798
4 0 2 7 1 9 10 3 8:0.481296
4 9 0 2 1 10 7 8 3:0.481229
4 2 1 10 0 7 8 9 3:0.481183
4 2 1 10 0 7 9 3 8:0.481027
7 10 1 2 0 3 9 4 8:0.48076
4 2 1 10 9 3 7 0 8:0.480747
4 0 2 7 9 1 10 8 3:0.480744
4 9 7 10 1 0 2 8 3:0.480698
4 2 1 10 7 0 8 9 3:0.480569
4 0 2 7 1 10 3 9 8:0.480444
7 0 1 9 2 10 4 8 3:0.480417
7 10 1 2 0 9 3 4 8:0.480124
4 2 1 10 0 3 9 7 8:0.479573
4 0 2 7 1 9 3 10 8:0.478733
7 10 1 2 0 9 4 8 3:0.478411
4 2 1 10 7 3 0 9 8:0.477828
4 2 1 10 9 7 0 3 8:0.477704
4 2 1 10 0 7 9 8 3:0.477637
4 2 1 10 0 7 3 9 8:0.477517
4 2 1 10 9 0 3 7 8:0.477385
4 2 1 10 9 7 3 0 8:0.477143
4 2 1 10 7 0 9 3 8:0.477102
4 2 1 10 0 9 7 8 3:0.477082
4 0 2 7 1 9 10 8 3:0.476591
4 2 1 10 7 9 3 0 8:0.476552
4 2 1 10 7 9 0 3 8:0.476099
4 2 1 10 7 0 3 9 8:0.476023
4 2 1 10 0 9 7 3 8:0.475443
4 2 1 10 0 9 3 7 8:0.47409
4 2 1 10 9 0 7 8 3:0.47402
4 2 1 10 7 9 0 8 3:0.472978
