 4 2 1 10 7 0 9 8 3:0.443503
 1 3 0 10 2 9 7 4 8:0.324349
4 2 1 10 7 9 0 3 8:0.321104
 4 2 1 10 9 0 3 7 8:0.319079
 1 3 0 10 9 2 7 4 8:0.318634
 4 2 1 10 7 3 9 0 8:0.318153
 4 2 1 10 0 9 3 7 8:0.317798
 4 2 1 10 7 0 9 3 8:0.317795
 2 3 0 10 9 1 7 4 8:0.317251
 4 2 1 10 0 9 7 3 8:0.316468
 4 2 1 10 7 9 0 8 3:0.315485
 4 2 1 10 9 0 7 8 3:0.315362
 1 3 0 10 7 2 9 4 8:0.313344
 7 0 1 9 2 10 4 8 3:0.310416
 1 3 0 10 9 7 2 4 8:0.302478
 2 3 0 10 9 1 4 7 8:0.302473
 4 2 1 10 0 3 9 7 8:0.301225
 7 10 1 2 0 9 4 8 3:0.298853
0 1 2 3 4 5 6 7 :0.22722
0 1 2 3 4 5 6 7 :0.225957
0 1 2 3 4 5 6 7 :0.21327
0 1 2 3 4 5 6 7 :0.211306
0 1 2 3 4 5 6 7 :0.210045
 :0.183215
