10 8 0 4 9 7 1 2 3:0.079942
8 1 9 3 7 0 10 4 2:0.079915
3 8 9 7 10 4 0 1 2:0.079895
8 9 0 1 3 10 2 7 4:0.0798819
10 8 0 4 1 3 7 2 9:0.0798581
8 9 0 1 3 4 2 10 7:0.079855
3 2 10 0 1 7 8 4 9:0.079839
8 9 0 10 7 4 1 3 2:0.0798359
3 8 9 7 10 4 2 0 1:0.079834
3 8 9 7 1 10 2 4 0:0.079834
8 10 2 0 1 3 7 4 9:0.0797939
8 10 2 0 1 3 7 9 4:0.079751
3 8 9 7 10 4 0 2 1:0.0797329
3 2 10 0 9 8 1 7 4:0.0797262
3 2 10 0 8 7 4 1 9:0.079596
3 2 10 0 1 7 9 4 8:0.079592
3 2 10 0 9 4 7 8 1:0.079572
8 4 0 10 2 1 9 7 3:0.0795321
3 2 10 0 8 4 7 1 9:0.0795319
3 8 9 7 10 2 0 4 1:0.07953
3 2 10 0 9 8 1 4 7:0.0794849
10 8 0 4 1 9 3 2 7:0.0794661
10 3 1 2 8 4 7 0 9:0.0794649
3 8 9 7 1 10 0 2 4:0.079246
8 9 0 1 3 10 4 2 7:0.0792408
3 2 10 0 8 4 7 9 1:0.0792291
3 2 10 0 9 8 4 7 1:0.07921
8 9 0 1 3 2 10 7 4:0.0791671
10 3 1 2 8 7 9 4 0:0.079164
3 2 10 0 1 8 9 7 4:0.079118
8 9 0 1 3 10 7 2 4:0.079107
3 0 9 4 7 10 8 1 2:0.0790999
8 9 0 1 3 10 2 4 7:0.0790691
3 2 10 0 8 7 9 1 4:0.0790389
3 2 10 0 1 4 7 8 9:0.0790331
8 9 0 1 3 4 2 7 10:0.07902
3 2 10 0 1 8 4 9 7:0.0790172
3 8 9 7 1 10 2 0 4:0.079004
3 8 9 7 10 2 0 1 4:0.0789831
3 2 10 0 9 8 7 1 4:0.0789478
3 2 10 0 9 8 4 1 7:0.0789249
3 2 10 0 9 1 8 7 4:0.078902
3 2 10 0 9 1 8 4 7:0.078902
3 2 10 0 8 7 9 4 1:0.0789001
10 8 0 4 1 9 3 7 2:0.078891
8 9 0 1 3 10 4 7 2:0.0788641
3 2 10 0 8 7 4 9 1:0.078862
3 8 9 7 1 10 0 4 2:0.07886
8 4 0 10 2 7 1 9 3:0.078789
3 2 10 0 1 7 4 9 8:0.0787799
3 8 9 7 10 2 4 0 1:0.078681
3 2 10 0 9 8 7 4 1:0.0786679
3 8 9 7 10 0 2 1 4:0.078661
3 2 10 0 1 7 8 9 4:0.0786588
8 9 0 1 3 4 7 10 2:0.0785909
3 2 10 0 8 7 1 4 9:0.0785871
10 3 1 2 8 4 7 9 0:0.0785251
10 3 1 2 8 7 0 4 9:0.0785241
8 9 0 1 3 2 4 7 10:0.0784602
8 9 0 1 3 2 10 4 7:0.078403
8 9 0 1 3 4 10 7 2:0.0783839
8 9 0 1 3 2 4 10 7:0.078377
3 2 10 0 1 4 9 8 7:0.078367
10 3 1 2 8 7 9 0 4:0.078351
3 2 10 0 9 1 7 8 4:0.0783489
3 2 10 0 9 4 1 7 8:0.078346
8 9 0 1 3 10 7 4 2:0.0783379
3 2 10 0 1 7 9 8 4:0.0782559
8 9 0 1 3 2 7 10 4:0.0781991
3 8 9 7 1 10 4 0 2:0.0781829
3 2 10 0 8 7 1 9 4:0.0781531
3 8 9 7 1 10 4 2 0:0.0781391
3 2 10 0 1 8 4 7 9:0.0780911
10 3 1 2 8 7 0 9 4:0.078052
3 2 10 0 1 8 7 9 4:0.077986
3 2 10 0 9 4 7 1 8:0.0779579
3 8 9 7 10 2 4 1 0:0.0779428
8 9 0 1 3 4 7 2 10:0.0778341
3 8 9 7 10 4 1 0 2:0.077776
3 2 10 0 1 8 7 4 9:0.0777481
3 2 10 0 9 1 4 8 7:0.077697
3 2 10 0 1 4 7 9 8:0.0775909
3 2 10 0 9 7 8 1 4:0.0775499
3 2 10 0 1 9 8 7 4:0.0774338
3 2 10 0 1 9 8 4 7:0.0774319
8 9 0 1 3 4 10 2 7:0.0773571
3 2 10 0 1 7 4 8 9:0.0772409
3 2 10 0 1 9 4 7 8:0.077234
8 9 0 1 3 2 7 4 10:0.0772321
3 2 10 0 9 1 4 7 8:0.077224
3 2 10 0 9 7 4 8 1:0.0770099
3 2 10 0 1 4 9 7 8:0.0769889
3 2 10 0 1 9 4 8 7:0.076911
3 2 10 0 1 4 8 7 9:0.076894
3 2 10 0 9 7 8 4 1:0.0768921
3 2 10 0 1 4 8 9 7:0.0768731
3 2 10 0 1 9 7 8 4:0.0768402
3 2 10 0 1 9 7 4 8:0.0765729
3 2 10 0 9 7 1 8 4:0.076473
3 2 10 0 9 7 1 4 8:0.0761871
1 3 8 0 7 10 2 9 4:0.0819149
1 4 9 2 7 10 3 0 8:0.081887
9 10 0 8 7 2 1 4 3:0.0818338
9 10 0 8 7 2 1 3 4:0.0818019
9 1 3 7 4 8 2 10 0:0.0818
10 7 3 8 1 9 2 0 4:0.0816331
1 3 8 0 7 10 9 4 2:0.0816319
1 3 8 0 4 9 7 10 2:0.081543
1 4 8 10 3 2 0 9 7:0.0814779
9 8 4 0 2 10 1 7 3:0.0814509
1 3 8 0 7 10 2 4 9:0.0814488
1 3 8 0 4 7 9 2 10:0.0814219
1 3 8 0 7 10 4 9 2:0.0812328
1 4 8 10 3 2 0 7 9:0.081228
1 3 8 0 7 9 2 4 10:0.081223
10 7 3 8 1 9 0 4 2:0.0811901
1 3 8 0 7 10 9 2 4:0.081188
9 3 2 1 10 7 4 8 0:0.0811732
1 3 8 0 7 9 2 10 4:0.081152
10 7 3 8 1 9 0 2 4:0.081116
1 3 8 0 4 7 2 9 10:0.081115
9 8 4 0 2 10 1 3 7:0.081105
10 2 1 9 4 7 8 0 3:0.0810411
9 10 0 3 8 1 7 2 4:0.0809779
10 7 3 8 9 4 0 2 1:0.080864
9 3 2 1 10 7 4 0 8:0.080863
1 8 10 4 3 7 9 0 2:0.0808361
1 3 8 0 7 9 4 2 10:0.0808342
1 3 8 0 7 9 10 2 4:0.0808299
1 3 8 0 7 9 10 4 2:0.08074
1 8 10 4 3 7 0 2 9:0.0807271
1 3 8 0 4 2 7 9 10:0.0807252
1 8 10 4 3 0 7 2 9:0.0807178
1 4 2 7 0 3 8 9 10:0.080704
1 4 8 10 9 3 0 7 2:0.080672
10 7 3 8 9 4 2 0 1:0.080641
1 3 8 0 4 7 2 10 9:0.0806398
1 8 10 4 9 3 0 2 7:0.0805869
1 7 0 2 9 8 3 10 4:0.0805309
10 0 3 9 2 7 1 8 4:0.080529
1 4 2 7 0 10 8 9 3:0.080368
9 10 0 8 7 4 3 2 1:0.080344
1 4 8 10 9 3 2 0 7:0.0803399
9 10 0 3 8 1 4 7 2:0.0803361
1 8 10 4 3 2 0 7 9:0.0803351
9 8 4 0 1 7 2 10 3:0.0803151
9 1 3 7 4 10 8 0 2:0.0802009
1 7 0 2 9 3 8 4 10:0.080138
9 8 4 0 2 3 10 7 1:0.0800731
1 4 8 10 3 2 7 0 9:0.080044
1 8 10 4 3 0 7 9 2:0.080035
1 3 8 0 7 9 4 10 2:0.080029
9 10 0 3 8 2 1 4 7:0.080013
1 4 8 10 9 3 2 7 0:0.0800121
1 3 8 0 7 2 10 9 4:0.0800059
9 8 4 0 1 7 2 3 10:0.0799959
9 8 4 0 1 2 7 3 10:0.079993
10 7 3 8 9 4 1 0 2:0.079982
9 10 0 8 7 4 1 2 3:0.0799119
9 1 3 7 4 8 0 10 2:0.0799029
1 3 8 0 7 2 10 4 9:0.0799029
1 8 10 4 3 2 0 9 7:0.0799
9 10 0 8 7 4 2 1 3:0.0798161
9 8 4 0 2 3 1 7 10:0.0797739
1 8 10 4 3 2 7 0 9:0.079757
9 8 4 0 2 3 1 10 7:0.0797379
1 4 8 10 3 7 9 0 2:0.0796649
9 10 0 8 7 4 2 3 1:0.079659
10 7 3 8 9 4 2 1 0:0.079633
9 1 3 7 4 8 0 2 10:0.0795908
9 10 0 8 7 4 1 3 2:0.079541
1 8 10 4 3 7 2 0 9:0.0795391
1 8 10 4 3 2 7 9 0:0.0795062
1 4 8 10 9 3 0 2 7:0.0795
1 3 8 0 7 2 9 4 10:0.0794439
10 7 3 8 9 2 4 0 1:0.0793972
1 3 8 0 7 10 4 2 9:0.0793419
9 8 4 0 2 10 3 7 1:0.0793121
9 10 0 3 8 1 2 4 7:0.079278
1 8 10 4 3 7 0 9 2:0.079277
1 3 8 0 7 2 9 10 4:0.079226
1 7 0 2 9 3 8 10 4:0.0791581
1 8 10 4 3 7 9 2 0:0.0790501
1 4 2 7 0 10 3 8 9:0.0788648
1 4 8 10 3 7 9 2 0:0.0788472
1 4 8 10 3 7 2 0 9:0.0787771
9 10 0 3 8 2 4 7 1:0.0787749
1 4 8 10 3 7 2 9 0:0.078655
9 10 0 3 8 4 2 7 1:0.078624
9 8 4 0 2 10 3 1 7:0.0786202
9 10 0 3 8 1 7 4 2:0.078598
1 4 8 10 3 7 0 2 9:0.0785611
1 4 8 10 3 7 0 9 2:0.0785489
9 10 0 3 8 2 7 4 1:0.0784779
9 10 0 3 8 2 7 1 4:0.0784459
9 8 4 0 2 3 7 10 1:0.0783501
9 10 0 3 8 4 2 1 7:0.078233
9 8 4 0 2 3 7 1 10:0.0781701
9 10 0 3 8 4 1 7 2:0.0780349
9 10 0 3 8 4 1 2 7:0.0780101
2 3 0 10 9 8 7 4 1:0.0860281
2 8 7 9 3 0 1 4 10:0.086026
0 1 8 4 3 2 9 7 10:0.086009
2 9 10 1 4 8 7 0 3:0.085983
0 3 9 10 7 4 1 2 8:0.0858719
0 2 9 3 4 1 8 10 7:0.085815
0 7 4 9 1 2 10 8 3:0.0857298
2 8 3 1 4 10 7 0 9:0.085721
2 3 0 10 9 4 8 7 1:0.0857201
4 10 3 7 2 9 8 1 0:0.0856719
0 1 3 10 2 4 9 8 7:0.0856059
0 10 3 8 4 7 1 9 2:0.085526
0 7 8 4 3 1 2 9 10:0.0853479
0 1 2 7 9 3 10 4 8:0.085346
2 1 8 0 9 4 10 3 7:0.0852642
2 0 10 7 9 3 4 8 1:0.085254
0 7 8 4 3 1 9 10 2:0.085248
2 8 4 9 1 0 10 3 7:0.0850501
0 7 8 4 3 2 9 10 1:0.084985
0 7 4 9 2 3 8 1 10:0.0849509
0 9 4 2 3 10 8 7 1:0.0849159
2 4 9 7 1 3 10 0 8:0.0847931
2 1 8 0 9 4 7 3 10:0.0847261
0 1 8 2 9 3 10 4 7:0.0846989
2 0 4 8 7 1 3 9 10:0.084697
2 9 3 4 0 7 8 1 10:0.0846529
4 8 0 1 10 9 2 3 7:0.0845962
2 9 3 4 7 8 10 0 1:0.084497
0 2 9 3 4 1 10 7 8:0.0844538
2 0 9 4 3 1 8 10 7:0.0844259
2 8 4 9 1 0 7 10 3:0.0844071
2 4 9 7 1 3 0 10 8:0.0843849
2 4 9 7 1 3 0 8 10:0.0843689
0 3 9 1 8 10 7 2 4:0.084362
2 1 8 0 9 10 3 4 7:0.084317
0 7 4 9 2 8 1 10 3:0.083952
0 7 8 4 3 2 1 10 9:0.0839319
2 1 8 0 9 4 10 7 3:0.0838761
2 8 4 9 0 3 7 10 1:0.083858
2 0 4 8 7 9 1 10 3:0.0838449
2 8 4 9 1 10 7 3 0:0.0838439
2 8 4 9 1 0 10 7 3:0.0838041
2 8 4 9 1 0 7 3 10:0.083797
0 10 3 8 4 2 7 9 1:0.083781
0 10 3 8 4 2 1 7 9:0.0836899
0 3 9 10 7 4 8 1 2:0.0834939
0 3 9 10 7 4 2 1 8:0.0834608
0 7 4 9 2 8 10 1 3:0.08341
0 10 3 8 4 7 9 1 2:0.083354
2 8 4 9 1 7 3 0 10:0.083328
0 10 3 8 4 2 9 1 7:0.0833249
0 7 4 9 2 8 10 3 1:0.0832992
0 3 9 1 8 2 7 4 10:0.0832338
2 0 4 8 7 9 3 10 1:0.0831351
2 8 10 1 0 9 3 7 4:0.0831108
2 0 4 8 7 9 3 1 10:0.0830159
0 2 9 3 4 1 7 8 10:0.0829799
2 3 0 10 9 1 7 8 4:0.082967
2 8 4 9 0 3 1 7 10:0.082921
0 3 9 1 8 4 10 2 7:0.0819619
0 3 9 1 8 10 4 2 7:0.0819552
0 10 3 8 4 2 7 1 9:0.0818381
2 3 0 10 9 1 7 4 8:0.081753
2 8 4 9 0 3 1 10 7:0.0816879
0 3 9 1 8 4 10 7 2:0.081593
0 7 4 9 2 8 3 10 1:0.081533
0 10 3 8 7 9 1 2 4:0.0811329
0 10 3 8 7 9 2 1 4:0.080909
0 7 4 9 2 8 3 1 10:0.0807509
2 1 8 0 9 10 7 3 4:0.0807111
2 8 4 9 1 7 0 3 10:0.0804679
0 10 3 8 7 9 2 4 1:0.0804069
0 10 3 8 7 9 1 4 2:0.0802939
0 7 4 9 2 3 10 1 8:0.0802848
2 1 8 0 9 4 3 7 10:0.080193
2 9 3 4 0 7 1 10 8:0.0801611
0 3 9 10 7 4 2 8 1:0.080107
0 3 9 1 8 10 2 7 4:0.0800319
2 0 4 8 7 1 3 10 9:0.0799809
2 3 0 10 9 1 8 7 4:0.0797911
2 0 4 8 7 9 10 1 3:0.0797629
0 7 8 4 3 2 9 1 10:0.07974
0 10 3 8 4 7 9 2 1:0.079736
0 3 9 1 8 2 10 7 4:0.079457
2 8 4 9 1 7 0 10 3:0.0794361
0 3 9 1 8 2 4 7 10:0.0793741
2 8 4 9 0 3 10 7 1:0.0793099
0 7 4 9 2 8 1 3 10:0.0792959
0 3 9 1 8 2 4 10 7:0.079103
0 2 9 3 4 1 8 7 10:0.0790892
2 8 4 9 0 3 10 1 7:0.079
2 3 0 10 9 4 7 8 1:0.0789831
2 8 4 9 1 0 3 7 10:0.078732
2 3 0 10 9 7 8 1 4:0.0787208
0 7 4 9 2 10 8 3 1:0.0786719
2 3 0 10 9 7 8 4 1:0.078578
0 7 4 9 2 10 8 1 3:0.078366
0 7 4 9 2 3 1 8 10:0.077996
2 3 0 10 9 4 7 1 8:0.0779428
0 7 4 9 2 3 1 10 8:0.077215
7 10 3 4 0 2 1 8 9:0.087126
4 2 8 7 3 0 10 1 9:0.087116
7 4 9 10 8 0 1 3 2:0.0871119
7 4 2 8 3 9 1 0 10:0.0871022
7 10 1 9 4 2 0 3 8:0.086967
7 2 3 1 8 10 0 4 9:0.0869019
7 10 2 1 0 4 3 8 9:0.086751
4 0 3 1 2 9 7 10 8:0.0866179
7 8 2 3 9 1 10 4 0:0.086556
7 4 8 10 2 9 0 3 1:0.086508
4 0 2 8 3 1 9 10 7:0.086143
4 0 10 9 3 2 1 7 8:0.085556
4 2 9 8 7 1 0 3 10:0.08535
4 0 7 10 2 1 9 8 3:0.0851281
4 0 9 8 2 1 3 10 7:0.085099
4 1 9 7 10 8 0 2 3:0.0850191
4 1 8 10 2 7 0 9 3:0.0848169
7 3 10 2 8 1 0 9 4:0.0846951
7 0 10 2 4 8 9 1 3:0.0843539
4 0 10 9 2 8 1 3 7:0.084291
7 9 10 3 0 8 4 2 1:0.0842831
4 1 9 7 10 8 0 3 2:0.0840299
7 10 2 1 9 4 3 0 8:0.084003
7 0 4 10 9 1 2 3 8:0.0839989
7 0 4 10 9 2 8 1 3:0.0839601
4 7 1 0 9 8 2 3 10:0.0839291
7 4 2 0 1 9 3 8 10:0.0838962
7 10 2 1 0 3 8 4 9:0.083823
7 8 2 3 9 1 10 0 4:0.0836
7 10 2 1 0 8 4 3 9:0.0835969
7 8 2 3 9 0 1 10 4:0.083545
7 9 3 2 4 1 10 0 8:0.0835061
4 1 9 7 10 0 2 8 3:0.0834389
4 7 1 0 9 8 2 10 3:0.0833039
7 4 9 10 8 0 1 2 3:0.083267
7 10 2 1 0 3 8 9 4:0.083267
7 10 2 1 0 8 4 9 3:0.083149
7 10 3 4 2 8 1 9 0:0.082902
4 1 9 7 0 8 3 2 10:0.082763
7 4 9 10 8 0 3 2 1:0.082752
4 7 1 0 9 3 8 10 2:0.082751
4 1 9 7 0 8 3 10 2:0.0827031
4 1 9 7 0 8 2 10 3:0.0825961
4 1 9 7 10 2 3 8 0:0.0825269
4 1 9 7 10 2 8 3 0:0.0825121
4 1 9 7 10 8 2 3 0:0.0825109
7 0 4 10 1 8 2 3 9:0.082505
7 0 4 10 9 2 3 8 1:0.0824599
4 7 1 0 10 9 3 8 2:0.0823929
7 8 2 3 9 0 1 4 10:0.08235
4 7 1 0 10 9 8 2 3:0.0820909
4 1 9 7 10 2 8 0 3:0.0820241
4 1 9 7 10 0 3 2 8:0.081919
7 3 10 2 8 0 1 4 9:0.081816
4 7 1 0 10 2 9 3 8:0.0815609
4 7 1 0 9 8 3 10 2:0.0815001
7 0 4 10 1 8 9 2 3:0.0814209
4 1 9 7 10 3 2 0 8:0.0812922
7 9 10 3 0 8 4 1 2:0.0811851
4 1 9 7 10 0 8 3 2:0.0811541
4 7 1 0 10 3 2 9 8:0.0811491
7 3 10 2 8 0 4 9 1:0.0811419
7 10 3 4 2 8 1 0 9:0.0811131
7 10 3 4 2 8 9 1 0:0.0809951
4 1 9 7 10 0 8 2 3:0.080977
7 9 10 3 0 1 8 2 4:0.0809131
4 1 9 7 10 2 0 3 8:0.0808671
7 1 4 8 2 0 9 10 3:0.080853
4 7 1 0 10 2 9 8 3:0.080734
7 0 4 10 1 3 8 9 2:0.0806432
7 8 2 3 9 0 10 4 1:0.0804651
4 1 9 7 0 8 10 3 2:0.080364
7 3 10 2 8 1 9 0 4:0.080205
4 7 1 0 9 8 3 2 10:0.0801752
4 1 9 7 0 3 8 10 2:0.0801251
7 0 4 10 9 2 8 3 1:0.0799909
7 0 4 10 1 8 9 3 2:0.0799711
7 10 3 4 2 8 9 0 1:0.0798061
4 1 9 7 10 0 3 8 2:0.079792
7 8 2 3 9 1 0 10 4:0.0794971
4 7 1 0 10 2 3 8 9:0.079479
4 1 9 7 10 2 3 0 8:0.079443
7 0 4 10 1 8 2 9 3:0.0793562
7 10 2 1 9 4 0 3 8:0.0791621
4 7 1 0 10 9 8 3 2:0.0791619
4 7 1 0 9 8 10 2 3:0.079159
7 0 4 10 1 3 8 2 9:0.0791521
7 3 10 2 8 0 4 1 9:0.0791318
7 0 4 10 9 2 3 1 8:0.0789149
7 9 10 3 0 1 4 2 8:0.0788732
4 1 9 7 10 3 0 2 8:0.078738
4 7 1 0 9 3 8 2 10:0.0785151
4 7 1 0 10 9 3 2 8:0.078192
7 3 10 2 8 4 9 1 0:0.0780611
4 1 9 7 10 2 0 8 3:0.0780501
7 3 10 2 8 0 1 9 4:0.078023
4 1 9 7 0 8 2 3 10:0.0777621
4 1 9 7 0 8 10 2 3:0.0777309
4 1 9 7 10 0 2 3 8:0.0776451
7 3 10 2 8 4 9 0 1:0.0773878
