3 2 10 0 9 7 1 4 8:0.0761871
3 2 10 0 9 7 1 8 4:0.076473
3 2 10 0 1 9 7 4 8:0.0765729
3 2 10 0 1 9 7 8 4:0.0768402
3 2 10 0 1 4 8 9 7:0.0768731
3 2 10 0 9 7 8 4 1:0.0768921
3 2 10 0 1 4 8 7 9:0.076894
3 2 10 0 1 9 4 8 7:0.076911
3 2 10 0 1 4 9 7 8:0.0769889
3 2 10 0 9 7 4 8 1:0.0770099
0 7 4 9 2 3 1 10 8:0.077215
3 2 10 0 9 1 4 7 8:0.077224
8 9 0 1 3 2 7 4 10:0.0772321
3 2 10 0 1 9 4 7 8:0.077234
3 2 10 0 1 7 4 8 9:0.0772409
8 9 0 1 3 4 10 2 7:0.0773571
7 3 10 2 8 4 9 0 1:0.0773878
3 2 10 0 1 9 8 4 7:0.0774319
3 2 10 0 1 9 8 7 4:0.0774338
3 2 10 0 9 7 8 1 4:0.0775499
3 2 10 0 1 4 7 9 8:0.0775909
4 1 9 7 10 0 2 3 8:0.0776451
3 2 10 0 9 1 4 8 7:0.077697
4 1 9 7 0 8 10 2 3:0.0777309
3 2 10 0 1 8 7 4 9:0.0777481
4 1 9 7 0 8 2 3 10:0.0777621
3 8 9 7 10 4 1 0 2:0.077776
8 9 0 1 3 4 7 2 10:0.0778341
2 3 0 10 9 4 7 1 8:0.0779428
3 8 9 7 10 2 4 1 0:0.0779428
3 2 10 0 9 4 7 1 8:0.0779579
3 2 10 0 1 8 7 9 4:0.077986
0 7 4 9 2 3 1 8 10:0.077996
9 10 0 3 8 4 1 2 7:0.0780101
7 3 10 2 8 0 1 9 4:0.078023
9 10 0 3 8 4 1 7 2:0.0780349
4 1 9 7 10 2 0 8 3:0.0780501
10 3 1 2 8 7 0 9 4:0.078052
7 3 10 2 8 4 9 1 0:0.0780611
3 2 10 0 1 8 4 7 9:0.0780911
3 8 9 7 1 10 4 2 0:0.0781391
3 2 10 0 8 7 1 9 4:0.0781531
9 8 4 0 2 3 7 1 10:0.0781701
3 8 9 7 1 10 4 0 2:0.0781829
4 7 1 0 10 9 3 2 8:0.078192
8 9 0 1 3 2 7 10 4:0.0781991
9 10 0 3 8 4 2 1 7:0.078233
3 2 10 0 1 7 9 8 4:0.0782559
8 9 0 1 3 10 7 4 2:0.0783379
3 2 10 0 9 4 1 7 8:0.078346
3 2 10 0 9 1 7 8 4:0.0783489
9 8 4 0 2 3 7 10 1:0.0783501
10 3 1 2 8 7 9 0 4:0.078351
0 7 4 9 2 10 8 1 3:0.078366
3 2 10 0 1 4 9 8 7:0.078367
8 9 0 1 3 2 4 10 7:0.078377
8 9 0 1 3 4 10 7 2:0.0783839
8 9 0 1 3 2 10 4 7:0.078403
9 10 0 3 8 2 7 1 4:0.0784459
8 9 0 1 3 2 4 7 10:0.0784602
9 10 0 3 8 2 7 4 1:0.0784779
4 7 1 0 9 3 8 2 10:0.0785151
10 3 1 2 8 7 0 4 9:0.0785241
10 3 1 2 8 4 7 9 0:0.0785251
1 4 8 10 3 7 0 9 2:0.0785489
1 4 8 10 3 7 0 2 9:0.0785611
2 3 0 10 9 7 8 4 1:0.078578
3 2 10 0 8 7 1 4 9:0.0785871
8 9 0 1 3 4 7 10 2:0.0785909
9 10 0 3 8 1 7 4 2:0.078598
9 8 4 0 2 10 3 1 7:0.0786202
9 10 0 3 8 4 2 7 1:0.078624
1 4 8 10 3 7 2 9 0:0.078655
3 2 10 0 1 7 8 9 4:0.0786588
3 8 9 7 10 0 2 1 4:0.078661
3 2 10 0 9 8 7 4 1:0.0786679
0 7 4 9 2 10 8 3 1:0.0786719
3 8 9 7 10 2 4 0 1:0.078681
2 3 0 10 9 7 8 1 4:0.0787208
2 8 4 9 1 0 3 7 10:0.078732
4 1 9 7 10 3 0 2 8:0.078738
9 10 0 3 8 2 4 7 1:0.0787749
1 4 8 10 3 7 2 0 9:0.0787771
3 2 10 0 1 7 4 9 8:0.0787799
8 4 0 10 2 7 1 9 3:0.078789
1 4 8 10 3 7 9 2 0:0.0788472
3 8 9 7 1 10 0 4 2:0.07886
3 2 10 0 8 7 4 9 1:0.078862
8 9 0 1 3 10 4 7 2:0.0788641
1 4 2 7 0 10 3 8 9:0.0788648
7 9 10 3 0 1 4 2 8:0.0788732
10 8 0 4 1 9 3 7 2:0.078891
3 2 10 0 8 7 9 4 1:0.0789001
3 2 10 0 9 1 8 4 7:0.078902
3 2 10 0 9 1 8 7 4:0.078902
7 0 4 10 9 2 3 1 8:0.0789149
3 2 10 0 9 8 4 1 7:0.0789249
3 2 10 0 9 8 7 1 4:0.0789478
2 3 0 10 9 4 7 8 1:0.0789831
3 8 9 7 10 2 0 1 4:0.0789831
2 8 4 9 0 3 10 1 7:0.079
3 8 9 7 1 10 2 0 4:0.079004
3 2 10 0 1 8 4 9 7:0.0790172
8 9 0 1 3 4 2 7 10:0.07902
3 2 10 0 1 4 7 8 9:0.0790331
3 2 10 0 8 7 9 1 4:0.0790389
1 8 10 4 3 7 9 2 0:0.0790501
8 9 0 1 3 10 2 4 7:0.0790691
0 2 9 3 4 1 8 7 10:0.0790892
3 0 9 4 7 10 8 1 2:0.0790999
0 3 9 1 8 2 4 10 7:0.079103
8 9 0 1 3 10 7 2 4:0.079107
3 2 10 0 1 8 9 7 4:0.079118
7 3 10 2 8 0 4 1 9:0.0791318
7 0 4 10 1 3 8 2 9:0.0791521
1 7 0 2 9 3 8 10 4:0.0791581
4 7 1 0 9 8 10 2 3:0.079159
4 7 1 0 10 9 8 3 2:0.0791619
7 10 2 1 9 4 0 3 8:0.0791621
10 3 1 2 8 7 9 4 0:0.079164
8 9 0 1 3 2 10 7 4:0.0791671
3 2 10 0 9 8 4 7 1:0.07921
1 3 8 0 7 2 9 10 4:0.079226
3 2 10 0 8 4 7 9 1:0.0792291
8 9 0 1 3 10 4 2 7:0.0792408
3 8 9 7 1 10 0 2 4:0.079246
1 8 10 4 3 7 0 9 2:0.079277
9 10 0 3 8 1 2 4 7:0.079278
0 7 4 9 2 8 1 3 10:0.0792959
2 8 4 9 0 3 10 7 1:0.0793099
9 8 4 0 2 10 3 7 1:0.0793121
1 3 8 0 7 10 4 2 9:0.0793419
7 0 4 10 1 8 2 9 3:0.0793562
0 3 9 1 8 2 4 7 10:0.0793741
10 7 3 8 9 2 4 0 1:0.0793972
2 8 4 9 1 7 0 10 3:0.0794361
4 1 9 7 10 2 3 0 8:0.079443
1 3 8 0 7 2 9 4 10:0.0794439
0 3 9 1 8 2 10 7 4:0.079457
10 3 1 2 8 4 7 0 9:0.0794649
10 8 0 4 1 9 3 2 7:0.0794661
4 7 1 0 10 2 3 8 9:0.079479
3 2 10 0 9 8 1 4 7:0.0794849
7 8 2 3 9 1 0 10 4:0.0794971
1 4 8 10 9 3 0 2 7:0.0795
1 8 10 4 3 2 7 9 0:0.0795062
3 8 9 7 10 2 0 4 1:0.07953
3 2 10 0 8 4 7 1 9:0.0795319
8 4 0 10 2 1 9 7 3:0.0795321
1 8 10 4 3 7 2 0 9:0.0795391
9 10 0 8 7 4 1 3 2:0.079541
3 2 10 0 9 4 7 8 1:0.079572
9 1 3 7 4 8 0 2 10:0.0795908
3 2 10 0 1 7 9 4 8:0.079592
3 2 10 0 8 7 4 1 9:0.079596
10 7 3 8 9 4 2 1 0:0.079633
9 10 0 8 7 4 2 3 1:0.079659
1 4 8 10 3 7 9 0 2:0.0796649
3 2 10 0 9 8 1 7 4:0.0797262
3 8 9 7 10 4 0 2 1:0.0797329
0 10 3 8 4 7 9 2 1:0.079736
9 8 4 0 2 3 1 10 7:0.0797379
0 7 8 4 3 2 9 1 10:0.07974
8 10 2 0 1 3 7 9 4:0.079751
1 8 10 4 3 2 7 0 9:0.079757
2 0 4 8 7 9 10 1 3:0.0797629
9 8 4 0 2 3 1 7 10:0.0797739
2 3 0 10 9 1 8 7 4:0.0797911
4 1 9 7 10 0 3 8 2:0.079792
8 10 2 0 1 3 7 4 9:0.0797939
7 10 3 4 2 8 9 0 1:0.0798061
9 10 0 8 7 4 2 1 3:0.0798161
3 8 9 7 10 4 2 0 1:0.079834
3 8 9 7 1 10 2 4 0:0.079834
8 9 0 10 7 4 1 3 2:0.0798359
3 2 10 0 1 7 8 4 9:0.079839
8 9 0 1 3 4 2 10 7:0.079855
10 8 0 4 1 3 7 2 9:0.0798581
8 9 0 1 3 10 2 7 4:0.0798819
3 8 9 7 10 4 0 1 2:0.079895
1 8 10 4 3 2 0 9 7:0.0799
1 3 8 0 7 2 10 4 9:0.0799029
9 1 3 7 4 8 0 10 2:0.0799029
9 10 0 8 7 4 1 2 3:0.0799119
8 1 9 3 7 0 10 4 2:0.079915
10 8 0 4 9 7 1 2 3:0.079942
7 0 4 10 1 8 9 3 2:0.0799711
2 0 4 8 7 1 3 10 9:0.0799809
10 7 3 8 9 4 1 0 2:0.079982
7 0 4 10 9 2 8 3 1:0.0799909
9 8 4 0 1 2 7 3 10:0.079993
9 8 4 0 1 7 2 3 10:0.0799959
1 3 8 0 7 2 10 9 4:0.0800059
1 4 8 10 9 3 2 7 0:0.0800121
9 10 0 3 8 2 1 4 7:0.080013
1 3 8 0 7 9 4 10 2:0.080029
0 3 9 1 8 10 2 7 4:0.0800319
1 8 10 4 3 0 7 9 2:0.080035
1 4 8 10 3 2 7 0 9:0.080044
9 8 4 0 2 3 10 7 1:0.0800731
0 3 9 10 7 4 2 8 1:0.080107
4 1 9 7 0 3 8 10 2:0.0801251
1 7 0 2 9 3 8 4 10:0.080138
2 9 3 4 0 7 1 10 8:0.0801611
4 7 1 0 9 8 3 2 10:0.0801752
2 1 8 0 9 4 3 7 10:0.080193
9 1 3 7 4 10 8 0 2:0.0802009
7 3 10 2 8 1 9 0 4:0.080205
0 7 4 9 2 3 10 1 8:0.0802848
0 10 3 8 7 9 1 4 2:0.0802939
9 8 4 0 1 7 2 10 3:0.0803151
1 8 10 4 3 2 0 7 9:0.0803351
9 10 0 3 8 1 4 7 2:0.0803361
1 4 8 10 9 3 2 0 7:0.0803399
9 10 0 8 7 4 3 2 1:0.080344
4 1 9 7 0 8 10 3 2:0.080364
1 4 2 7 0 10 8 9 3:0.080368
0 10 3 8 7 9 2 4 1:0.0804069
7 8 2 3 9 0 10 4 1:0.0804651
2 8 4 9 1 7 0 3 10:0.0804679
10 0 3 9 2 7 1 8 4:0.080529
1 7 0 2 9 8 3 10 4:0.0805309
1 8 10 4 9 3 0 2 7:0.0805869
1 3 8 0 4 7 2 10 9:0.0806398
10 7 3 8 9 4 2 0 1:0.080641
7 0 4 10 1 3 8 9 2:0.0806432
1 4 8 10 9 3 0 7 2:0.080672
1 4 2 7 0 3 8 9 10:0.080704
2 1 8 0 9 10 7 3 4:0.0807111
1 8 10 4 3 0 7 2 9:0.0807178
1 3 8 0 4 2 7 9 10:0.0807252
1 8 10 4 3 7 0 2 9:0.0807271
4 7 1 0 10 2 9 8 3:0.080734
1 3 8 0 7 9 10 4 2:0.08074
0 7 4 9 2 8 3 1 10:0.0807509
1 3 8 0 7 9 10 2 4:0.0808299
1 3 8 0 7 9 4 2 10:0.0808342
1 8 10 4 3 7 9 0 2:0.0808361
7 1 4 8 2 0 9 10 3:0.080853
9 3 2 1 10 7 4 0 8:0.080863
10 7 3 8 9 4 0 2 1:0.080864
4 1 9 7 10 2 0 3 8:0.0808671
0 10 3 8 7 9 2 1 4:0.080909
7 9 10 3 0 1 8 2 4:0.0809131
4 1 9 7 10 0 8 2 3:0.080977
9 10 0 3 8 1 7 2 4:0.0809779
7 10 3 4 2 8 9 1 0:0.0809951
10 2 1 9 4 7 8 0 3:0.0810411
9 8 4 0 2 10 1 3 7:0.081105
7 10 3 4 2 8 1 0 9:0.0811131
1 3 8 0 4 7 2 9 10:0.081115
10 7 3 8 1 9 0 2 4:0.081116
0 10 3 8 7 9 1 2 4:0.0811329
7 3 10 2 8 0 4 9 1:0.0811419
4 7 1 0 10 3 2 9 8:0.0811491
1 3 8 0 7 9 2 10 4:0.081152
4 1 9 7 10 0 8 3 2:0.0811541
9 3 2 1 10 7 4 8 0:0.0811732
7 9 10 3 0 8 4 1 2:0.0811851
1 3 8 0 7 10 9 2 4:0.081188
10 7 3 8 1 9 0 4 2:0.0811901
1 3 8 0 7 9 2 4 10:0.081223
1 4 8 10 3 2 0 7 9:0.081228
1 3 8 0 7 10 4 9 2:0.0812328
4 1 9 7 10 3 2 0 8:0.0812922
7 0 4 10 1 8 9 2 3:0.0814209
1 3 8 0 4 7 9 2 10:0.0814219
1 3 8 0 7 10 2 4 9:0.0814488
9 8 4 0 2 10 1 7 3:0.0814509
1 4 8 10 3 2 0 9 7:0.0814779
4 7 1 0 9 8 3 10 2:0.0815001
0 7 4 9 2 8 3 10 1:0.081533
1 3 8 0 4 9 7 10 2:0.081543
4 7 1 0 10 2 9 3 8:0.0815609
0 3 9 1 8 4 10 7 2:0.081593
1 3 8 0 7 10 9 4 2:0.0816319
10 7 3 8 1 9 2 0 4:0.0816331
2 8 4 9 0 3 1 10 7:0.0816879
2 3 0 10 9 1 7 4 8:0.081753
9 1 3 7 4 8 2 10 0:0.0818
9 10 0 8 7 2 1 3 4:0.0818019
7 3 10 2 8 0 1 4 9:0.081816
9 10 0 8 7 2 1 4 3:0.0818338
0 10 3 8 4 2 7 1 9:0.0818381
1 4 9 2 7 10 3 0 8:0.081887
1 3 8 0 7 10 2 9 4:0.0819149
4 1 9 7 10 0 3 2 8:0.081919
0 3 9 1 8 10 4 2 7:0.0819552
0 3 9 1 8 4 10 2 7:0.0819619
4 1 9 7 10 2 8 0 3:0.0820241
4 7 1 0 10 9 8 2 3:0.0820909
7 8 2 3 9 0 1 4 10:0.08235
4 7 1 0 10 9 3 8 2:0.0823929
7 0 4 10 9 2 3 8 1:0.0824599
7 0 4 10 1 8 2 3 9:0.082505
4 1 9 7 10 8 2 3 0:0.0825109
4 1 9 7 10 2 8 3 0:0.0825121
4 1 9 7 10 2 3 8 0:0.0825269
4 1 9 7 0 8 2 10 3:0.0825961
4 1 9 7 0 8 3 10 2:0.0827031
4 7 1 0 9 3 8 10 2:0.082751
7 4 9 10 8 0 3 2 1:0.082752
4 1 9 7 0 8 3 2 10:0.082763
7 10 3 4 2 8 1 9 0:0.082902
2 8 4 9 0 3 1 7 10:0.082921
2 3 0 10 9 1 7 8 4:0.082967
0 2 9 3 4 1 7 8 10:0.0829799
2 0 4 8 7 9 3 1 10:0.0830159
2 8 10 1 0 9 3 7 4:0.0831108
2 0 4 8 7 9 3 10 1:0.0831351
7 10 2 1 0 8 4 9 3:0.083149
0 3 9 1 8 2 7 4 10:0.0832338
7 10 2 1 0 3 8 9 4:0.083267
7 4 9 10 8 0 1 2 3:0.083267
0 7 4 9 2 8 10 3 1:0.0832992
4 7 1 0 9 8 2 10 3:0.0833039
0 10 3 8 4 2 9 1 7:0.0833249
2 8 4 9 1 7 3 0 10:0.083328
0 10 3 8 4 7 9 1 2:0.083354
0 7 4 9 2 8 10 1 3:0.08341
4 1 9 7 10 0 2 8 3:0.0834389
0 3 9 10 7 4 2 1 8:0.0834608
0 3 9 10 7 4 8 1 2:0.0834939
7 9 3 2 4 1 10 0 8:0.0835061
7 8 2 3 9 0 1 10 4:0.083545
7 10 2 1 0 8 4 3 9:0.0835969
7 8 2 3 9 1 10 0 4:0.0836
0 10 3 8 4 2 1 7 9:0.0836899
0 10 3 8 4 2 7 9 1:0.083781
2 8 4 9 1 0 7 3 10:0.083797
2 8 4 9 1 0 10 7 3:0.0838041
7 10 2 1 0 3 8 4 9:0.083823
2 8 4 9 1 10 7 3 0:0.0838439
2 0 4 8 7 9 1 10 3:0.0838449
2 8 4 9 0 3 7 10 1:0.083858
2 1 8 0 9 4 10 7 3:0.0838761
7 4 2 0 1 9 3 8 10:0.0838962
4 7 1 0 9 8 2 3 10:0.0839291
0 7 8 4 3 2 1 10 9:0.0839319
0 7 4 9 2 8 1 10 3:0.083952
7 0 4 10 9 2 8 1 3:0.0839601
7 0 4 10 9 1 2 3 8:0.0839989
7 10 2 1 9 4 3 0 8:0.084003
4 1 9 7 10 8 0 3 2:0.0840299
7 9 10 3 0 8 4 2 1:0.0842831
4 0 10 9 2 8 1 3 7:0.084291
2 1 8 0 9 10 3 4 7:0.084317
7 0 10 2 4 8 9 1 3:0.0843539
0 3 9 1 8 10 7 2 4:0.084362
2 4 9 7 1 3 0 8 10:0.0843689
2 4 9 7 1 3 0 10 8:0.0843849
2 8 4 9 1 0 7 10 3:0.0844071
2 0 9 4 3 1 8 10 7:0.0844259
0 2 9 3 4 1 10 7 8:0.0844538
2 9 3 4 7 8 10 0 1:0.084497
4 8 0 1 10 9 2 3 7:0.0845962
2 9 3 4 0 7 8 1 10:0.0846529
7 3 10 2 8 1 0 9 4:0.0846951
2 0 4 8 7 1 3 9 10:0.084697
0 1 8 2 9 3 10 4 7:0.0846989
2 1 8 0 9 4 7 3 10:0.0847261
2 4 9 7 1 3 10 0 8:0.0847931
4 1 8 10 2 7 0 9 3:0.0848169
0 9 4 2 3 10 8 7 1:0.0849159
0 7 4 9 2 3 8 1 10:0.0849509
0 7 8 4 3 2 9 10 1:0.084985
4 1 9 7 10 8 0 2 3:0.0850191
2 8 4 9 1 0 10 3 7:0.0850501
4 0 9 8 2 1 3 10 7:0.085099
4 0 7 10 2 1 9 8 3:0.0851281
0 7 8 4 3 1 9 10 2:0.085248
2 0 10 7 9 3 4 8 1:0.085254
2 1 8 0 9 4 10 3 7:0.0852642
0 1 2 7 9 3 10 4 8:0.085346
0 7 8 4 3 1 2 9 10:0.0853479
4 2 9 8 7 1 0 3 10:0.08535
0 10 3 8 4 7 1 9 2:0.085526
4 0 10 9 3 2 1 7 8:0.085556
0 1 3 10 2 4 9 8 7:0.0856059
4 10 3 7 2 9 8 1 0:0.0856719
2 3 0 10 9 4 8 7 1:0.0857201
2 8 3 1 4 10 7 0 9:0.085721
0 7 4 9 1 2 10 8 3:0.0857298
0 2 9 3 4 1 8 10 7:0.085815
0 3 9 10 7 4 1 2 8:0.0858719
2 9 10 1 4 8 7 0 3:0.085983
0 1 8 4 3 2 9 7 10:0.086009
2 8 7 9 3 0 1 4 10:0.086026
2 3 0 10 9 8 7 4 1:0.0860281
4 0 2 8 3 1 9 10 7:0.086143
7 4 8 10 2 9 0 3 1:0.086508
7 8 2 3 9 1 10 4 0:0.086556
4 0 3 1 2 9 7 10 8:0.0866179
7 10 2 1 0 4 3 8 9:0.086751
7 2 3 1 8 10 0 4 9:0.0869019
7 10 1 9 4 2 0 3 8:0.086967
7 4 2 8 3 9 1 0 10:0.0871022
7 4 9 10 8 0 1 3 2:0.0871119
4 2 8 7 3 0 10 1 9:0.087116
7 10 3 4 0 2 1 8 9:0.087126
