10 8 0 4 9 7 1 2 3:0.079942
8 1 9 3 7 0 10 4 2:0.079915
3 8 9 7 10 4 0 1 2:0.079895
8 9 0 1 3 10 2 7 4:0.0798819
10 8 0 4 1 3 7 2 9:0.0798581
8 9 0 1 3 4 2 10 7:0.079855
3 2 10 0 1 7 8 4 9:0.079839
8 9 0 10 7 4 1 3 2:0.0798359
3 8 9 7 10 4 2 0 1:0.079834
3 8 9 7 1 10 2 4 0:0.079834
8 10 2 0 1 3 7 4 9:0.0797939
8 10 2 0 1 3 7 9 4:0.079751
3 8 9 7 10 4 0 2 1:0.0797329
3 2 10 0 9 8 1 7 4:0.0797262
3 2 10 0 8 7 4 1 9:0.079596
3 2 10 0 1 7 9 4 8:0.079592
3 2 10 0 9 4 7 8 1:0.079572
8 4 0 10 2 1 9 7 3:0.0795321
3 2 10 0 8 4 7 1 9:0.0795319
3 8 9 7 10 2 0 4 1:0.07953
3 2 10 0 9 8 1 4 7:0.0794849
10 8 0 4 1 9 3 2 7:0.0794661
10 3 1 2 8 4 7 0 9:0.0794649
3 8 9 7 1 10 0 2 4:0.079246
8 9 0 1 3 10 4 2 7:0.0792408
3 2 10 0 8 4 7 9 1:0.0792291
3 2 10 0 9 8 4 7 1:0.07921
8 9 0 1 3 2 10 7 4:0.0791671
10 3 1 2 8 7 9 4 0:0.079164
3 2 10 0 1 8 9 7 4:0.079118
8 9 0 1 3 10 7 2 4:0.079107
3 0 9 4 7 10 8 1 2:0.0790999
8 9 0 1 3 10 2 4 7:0.0790691
3 2 10 0 8 7 9 1 4:0.0790389
3 2 10 0 1 4 7 8 9:0.0790331
8 9 0 1 3 4 2 7 10:0.07902
3 2 10 0 1 8 4 9 7:0.0790172
3 8 9 7 1 10 2 0 4:0.079004
3 8 9 7 10 2 0 1 4:0.0789831
3 2 10 0 9 8 7 1 4:0.0789478
3 2 10 0 9 8 4 1 7:0.0789249
3 2 10 0 9 1 8 7 4:0.078902
3 2 10 0 9 1 8 4 7:0.078902
3 2 10 0 8 7 9 4 1:0.0789001
10 8 0 4 1 9 3 7 2:0.078891
8 9 0 1 3 10 4 7 2:0.0788641
3 2 10 0 8 7 4 9 1:0.078862
3 8 9 7 1 10 0 4 2:0.07886
8 4 0 10 2 7 1 9 3:0.078789
3 2 10 0 1 7 4 9 8:0.0787799
3 8 9 7 10 2 4 0 1:0.078681
3 2 10 0 9 8 7 4 1:0.0786679
3 8 9 7 10 0 2 1 4:0.078661
3 2 10 0 1 7 8 9 4:0.0786588
8 9 0 1 3 4 7 10 2:0.0785909
3 2 10 0 8 7 1 4 9:0.0785871
10 3 1 2 8 4 7 9 0:0.0785251
10 3 1 2 8 7 0 4 9:0.0785241
8 9 0 1 3 2 4 7 10:0.0784602
8 9 0 1 3 2 10 4 7:0.078403
8 9 0 1 3 4 10 7 2:0.0783839
8 9 0 1 3 2 4 10 7:0.078377
3 2 10 0 1 4 9 8 7:0.078367
10 3 1 2 8 7 9 0 4:0.078351
3 2 10 0 9 1 7 8 4:0.0783489
3 2 10 0 9 4 1 7 8:0.078346
8 9 0 1 3 10 7 4 2:0.0783379
3 2 10 0 1 7 9 8 4:0.0782559
8 9 0 1 3 2 7 10 4:0.0781991
3 8 9 7 1 10 4 0 2:0.0781829
3 2 10 0 8 7 1 9 4:0.0781531
3 8 9 7 1 10 4 2 0:0.0781391
3 2 10 0 1 8 4 7 9:0.0780911
10 3 1 2 8 7 0 9 4:0.078052
3 2 10 0 1 8 7 9 4:0.077986
3 2 10 0 9 4 7 1 8:0.0779579
3 8 9 7 10 2 4 1 0:0.0779428
8 9 0 1 3 4 7 2 10:0.0778341
3 8 9 7 10 4 1 0 2:0.077776
3 2 10 0 1 8 7 4 9:0.0777481
3 2 10 0 9 1 4 8 7:0.077697
3 2 10 0 1 4 7 9 8:0.0775909
3 2 10 0 9 7 8 1 4:0.0775499
3 2 10 0 1 9 8 7 4:0.0774338
3 2 10 0 1 9 8 4 7:0.0774319
8 9 0 1 3 4 10 2 7:0.0773571
3 2 10 0 1 7 4 8 9:0.0772409
3 2 10 0 1 9 4 7 8:0.077234
8 9 0 1 3 2 7 4 10:0.0772321
3 2 10 0 9 1 4 7 8:0.077224
3 2 10 0 9 7 4 8 1:0.0770099
3 2 10 0 1 4 9 7 8:0.0769889
3 2 10 0 1 9 4 8 7:0.076911
3 2 10 0 1 4 8 7 9:0.076894
3 2 10 0 9 7 8 4 1:0.0768921
3 2 10 0 1 4 8 9 7:0.0768731
3 2 10 0 1 9 7 8 4:0.0768402
3 2 10 0 1 9 7 4 8:0.0765729
3 2 10 0 9 7 1 8 4:0.076473
3 2 10 0 9 7 1 4 8:0.0761871
