1 3 8 0 7 10 2 9 4:0.0819149
1 4 9 2 7 10 3 0 8:0.081887
9 10 0 8 7 2 1 4 3:0.0818338
9 10 0 8 7 2 1 3 4:0.0818019
9 1 3 7 4 8 2 10 0:0.0818
10 7 3 8 1 9 2 0 4:0.0816331
1 3 8 0 7 10 9 4 2:0.0816319
1 3 8 0 4 9 7 10 2:0.081543
1 4 8 10 3 2 0 9 7:0.0814779
9 8 4 0 2 10 1 7 3:0.0814509
1 3 8 0 7 10 2 4 9:0.0814488
1 3 8 0 4 7 9 2 10:0.0814219
1 3 8 0 7 10 4 9 2:0.0812328
1 4 8 10 3 2 0 7 9:0.081228
1 3 8 0 7 9 2 4 10:0.081223
10 7 3 8 1 9 0 4 2:0.0811901
1 3 8 0 7 10 9 2 4:0.081188
9 3 2 1 10 7 4 8 0:0.0811732
1 3 8 0 7 9 2 10 4:0.081152
10 7 3 8 1 9 0 2 4:0.081116
1 3 8 0 4 7 2 9 10:0.081115
9 8 4 0 2 10 1 3 7:0.081105
10 2 1 9 4 7 8 0 3:0.0810411
9 10 0 3 8 1 7 2 4:0.0809779
10 7 3 8 9 4 0 2 1:0.080864
9 3 2 1 10 7 4 0 8:0.080863
1 8 10 4 3 7 9 0 2:0.0808361
1 3 8 0 7 9 4 2 10:0.0808342
1 3 8 0 7 9 10 2 4:0.0808299
1 3 8 0 7 9 10 4 2:0.08074
1 8 10 4 3 7 0 2 9:0.0807271
1 3 8 0 4 2 7 9 10:0.0807252
1 8 10 4 3 0 7 2 9:0.0807178
1 4 2 7 0 3 8 9 10:0.080704
1 4 8 10 9 3 0 7 2:0.080672
10 7 3 8 9 4 2 0 1:0.080641
1 3 8 0 4 7 2 10 9:0.0806398
1 8 10 4 9 3 0 2 7:0.0805869
1 7 0 2 9 8 3 10 4:0.0805309
10 0 3 9 2 7 1 8 4:0.080529
1 4 2 7 0 10 8 9 3:0.080368
9 10 0 8 7 4 3 2 1:0.080344
1 4 8 10 9 3 2 0 7:0.0803399
9 10 0 3 8 1 4 7 2:0.0803361
1 8 10 4 3 2 0 7 9:0.0803351
9 8 4 0 1 7 2 10 3:0.0803151
9 1 3 7 4 10 8 0 2:0.0802009
1 7 0 2 9 3 8 4 10:0.080138
9 8 4 0 2 3 10 7 1:0.0800731
1 4 8 10 3 2 7 0 9:0.080044
1 8 10 4 3 0 7 9 2:0.080035
1 3 8 0 7 9 4 10 2:0.080029
9 10 0 3 8 2 1 4 7:0.080013
1 4 8 10 9 3 2 7 0:0.0800121
1 3 8 0 7 2 10 9 4:0.0800059
9 8 4 0 1 7 2 3 10:0.0799959
9 8 4 0 1 2 7 3 10:0.079993
10 7 3 8 9 4 1 0 2:0.079982
9 10 0 8 7 4 1 2 3:0.0799119
9 1 3 7 4 8 0 10 2:0.0799029
1 3 8 0 7 2 10 4 9:0.0799029
1 8 10 4 3 2 0 9 7:0.0799
9 10 0 8 7 4 2 1 3:0.0798161
9 8 4 0 2 3 1 7 10:0.0797739
1 8 10 4 3 2 7 0 9:0.079757
9 8 4 0 2 3 1 10 7:0.0797379
1 4 8 10 3 7 9 0 2:0.0796649
9 10 0 8 7 4 2 3 1:0.079659
10 7 3 8 9 4 2 1 0:0.079633
9 1 3 7 4 8 0 2 10:0.0795908
9 10 0 8 7 4 1 3 2:0.079541
1 8 10 4 3 7 2 0 9:0.0795391
1 8 10 4 3 2 7 9 0:0.0795062
1 4 8 10 9 3 0 2 7:0.0795
1 3 8 0 7 2 9 4 10:0.0794439
10 7 3 8 9 2 4 0 1:0.0793972
1 3 8 0 7 10 4 2 9:0.0793419
9 8 4 0 2 10 3 7 1:0.0793121
9 10 0 3 8 1 2 4 7:0.079278
1 8 10 4 3 7 0 9 2:0.079277
1 3 8 0 7 2 9 10 4:0.079226
1 7 0 2 9 3 8 10 4:0.0791581
1 8 10 4 3 7 9 2 0:0.0790501
1 4 2 7 0 10 3 8 9:0.0788648
1 4 8 10 3 7 9 2 0:0.0788472
1 4 8 10 3 7 2 0 9:0.0787771
9 10 0 3 8 2 4 7 1:0.0787749
1 4 8 10 3 7 2 9 0:0.078655
9 10 0 3 8 4 2 7 1:0.078624
9 8 4 0 2 10 3 1 7:0.0786202
9 10 0 3 8 1 7 4 2:0.078598
1 4 8 10 3 7 0 2 9:0.0785611
1 4 8 10 3 7 0 9 2:0.0785489
9 10 0 3 8 2 7 4 1:0.0784779
9 10 0 3 8 2 7 1 4:0.0784459
9 8 4 0 2 3 7 10 1:0.0783501
9 10 0 3 8 4 2 1 7:0.078233
9 8 4 0 2 3 7 1 10:0.0781701
9 10 0 3 8 4 1 7 2:0.0780349
9 10 0 3 8 4 1 2 7:0.0780101
