2 3 0 10 9 8 7 4 1:0.0860281
2 8 7 9 3 0 1 4 10:0.086026
0 1 8 4 3 2 9 7 10:0.086009
2 9 10 1 4 8 7 0 3:0.085983
0 3 9 10 7 4 1 2 8:0.0858719
0 2 9 3 4 1 8 10 7:0.085815
0 7 4 9 1 2 10 8 3:0.0857298
2 8 3 1 4 10 7 0 9:0.085721
2 3 0 10 9 4 8 7 1:0.0857201
4 10 3 7 2 9 8 1 0:0.0856719
0 1 3 10 2 4 9 8 7:0.0856059
0 10 3 8 4 7 1 9 2:0.085526
0 7 8 4 3 1 2 9 10:0.0853479
0 1 2 7 9 3 10 4 8:0.085346
2 1 8 0 9 4 10 3 7:0.0852642
2 0 10 7 9 3 4 8 1:0.085254
0 7 8 4 3 1 9 10 2:0.085248
2 8 4 9 1 0 10 3 7:0.0850501
0 7 8 4 3 2 9 10 1:0.084985
0 7 4 9 2 3 8 1 10:0.0849509
0 9 4 2 3 10 8 7 1:0.0849159
2 4 9 7 1 3 10 0 8:0.0847931
2 1 8 0 9 4 7 3 10:0.0847261
0 1 8 2 9 3 10 4 7:0.0846989
2 0 4 8 7 1 3 9 10:0.084697
2 9 3 4 0 7 8 1 10:0.0846529
4 8 0 1 10 9 2 3 7:0.0845962
2 9 3 4 7 8 10 0 1:0.084497
0 2 9 3 4 1 10 7 8:0.0844538
2 0 9 4 3 1 8 10 7:0.0844259
2 8 4 9 1 0 7 10 3:0.0844071
2 4 9 7 1 3 0 10 8:0.0843849
2 4 9 7 1 3 0 8 10:0.0843689
0 3 9 1 8 10 7 2 4:0.084362
2 1 8 0 9 10 3 4 7:0.084317
0 7 4 9 2 8 1 10 3:0.083952
0 7 8 4 3 2 1 10 9:0.0839319
2 1 8 0 9 4 10 7 3:0.0838761
2 8 4 9 0 3 7 10 1:0.083858
2 0 4 8 7 9 1 10 3:0.0838449
2 8 4 9 1 10 7 3 0:0.0838439
2 8 4 9 1 0 10 7 3:0.0838041
2 8 4 9 1 0 7 3 10:0.083797
0 10 3 8 4 2 7 9 1:0.083781
0 10 3 8 4 2 1 7 9:0.0836899
0 3 9 10 7 4 8 1 2:0.0834939
0 3 9 10 7 4 2 1 8:0.0834608
0 7 4 9 2 8 10 1 3:0.08341
0 10 3 8 4 7 9 1 2:0.083354
2 8 4 9 1 7 3 0 10:0.083328
0 10 3 8 4 2 9 1 7:0.0833249
0 7 4 9 2 8 10 3 1:0.0832992
0 3 9 1 8 2 7 4 10:0.0832338
2 0 4 8 7 9 3 10 1:0.0831351
2 8 10 1 0 9 3 7 4:0.0831108
2 0 4 8 7 9 3 1 10:0.0830159
0 2 9 3 4 1 7 8 10:0.0829799
2 3 0 10 9 1 7 8 4:0.082967
2 8 4 9 0 3 1 7 10:0.082921
0 3 9 1 8 4 10 2 7:0.0819619
0 3 9 1 8 10 4 2 7:0.0819552
0 10 3 8 4 2 7 1 9:0.0818381
2 3 0 10 9 1 7 4 8:0.081753
2 8 4 9 0 3 1 10 7:0.0816879
0 3 9 1 8 4 10 7 2:0.081593
0 7 4 9 2 8 3 10 1:0.081533
0 10 3 8 7 9 1 2 4:0.0811329
0 10 3 8 7 9 2 1 4:0.080909
0 7 4 9 2 8 3 1 10:0.0807509
2 1 8 0 9 10 7 3 4:0.0807111
2 8 4 9 1 7 0 3 10:0.0804679
0 10 3 8 7 9 2 4 1:0.0804069
0 10 3 8 7 9 1 4 2:0.0802939
0 7 4 9 2 3 10 1 8:0.0802848
2 1 8 0 9 4 3 7 10:0.080193
2 9 3 4 0 7 1 10 8:0.0801611
0 3 9 10 7 4 2 8 1:0.080107
0 3 9 1 8 10 2 7 4:0.0800319
2 0 4 8 7 1 3 10 9:0.0799809
2 3 0 10 9 1 8 7 4:0.0797911
2 0 4 8 7 9 10 1 3:0.0797629
0 7 8 4 3 2 9 1 10:0.07974
0 10 3 8 4 7 9 2 1:0.079736
0 3 9 1 8 2 10 7 4:0.079457
2 8 4 9 1 7 0 10 3:0.0794361
0 3 9 1 8 2 4 7 10:0.0793741
2 8 4 9 0 3 10 7 1:0.0793099
0 7 4 9 2 8 1 3 10:0.0792959
0 3 9 1 8 2 4 10 7:0.079103
0 2 9 3 4 1 8 7 10:0.0790892
2 8 4 9 0 3 10 1 7:0.079
2 3 0 10 9 4 7 8 1:0.0789831
2 8 4 9 1 0 3 7 10:0.078732
2 3 0 10 9 7 8 1 4:0.0787208
0 7 4 9 2 10 8 3 1:0.0786719
2 3 0 10 9 7 8 4 1:0.078578
0 7 4 9 2 10 8 1 3:0.078366
0 7 4 9 2 3 1 8 10:0.077996
2 3 0 10 9 4 7 1 8:0.0779428
0 7 4 9 2 3 1 10 8:0.077215
