7 10 3 4 0 2 1 8 9:0.087126
4 2 8 7 3 0 10 1 9:0.087116
7 4 9 10 8 0 1 3 2:0.0871119
7 4 2 8 3 9 1 0 10:0.0871022
7 10 1 9 4 2 0 3 8:0.086967
7 2 3 1 8 10 0 4 9:0.0869019
7 10 2 1 0 4 3 8 9:0.086751
4 0 3 1 2 9 7 10 8:0.0866179
7 8 2 3 9 1 10 4 0:0.086556
7 4 8 10 2 9 0 3 1:0.086508
4 0 2 8 3 1 9 10 7:0.086143
4 0 10 9 3 2 1 7 8:0.085556
4 2 9 8 7 1 0 3 10:0.08535
4 0 7 10 2 1 9 8 3:0.0851281
4 0 9 8 2 1 3 10 7:0.085099
4 1 9 7 10 8 0 2 3:0.0850191
4 1 8 10 2 7 0 9 3:0.0848169
7 3 10 2 8 1 0 9 4:0.0846951
7 0 10 2 4 8 9 1 3:0.0843539
4 0 10 9 2 8 1 3 7:0.084291
7 9 10 3 0 8 4 2 1:0.0842831
4 1 9 7 10 8 0 3 2:0.0840299
7 10 2 1 9 4 3 0 8:0.084003
7 0 4 10 9 1 2 3 8:0.0839989
7 0 4 10 9 2 8 1 3:0.0839601
4 7 1 0 9 8 2 3 10:0.0839291
7 4 2 0 1 9 3 8 10:0.0838962
7 10 2 1 0 3 8 4 9:0.083823
7 8 2 3 9 1 10 0 4:0.0836
7 10 2 1 0 8 4 3 9:0.0835969
7 8 2 3 9 0 1 10 4:0.083545
7 9 3 2 4 1 10 0 8:0.0835061
4 1 9 7 10 0 2 8 3:0.0834389
4 7 1 0 9 8 2 10 3:0.0833039
7 4 9 10 8 0 1 2 3:0.083267
7 10 2 1 0 3 8 9 4:0.083267
7 10 2 1 0 8 4 9 3:0.083149
7 10 3 4 2 8 1 9 0:0.082902
4 1 9 7 0 8 3 2 10:0.082763
7 4 9 10 8 0 3 2 1:0.082752
4 7 1 0 9 3 8 10 2:0.082751
4 1 9 7 0 8 3 10 2:0.0827031
4 1 9 7 0 8 2 10 3:0.0825961
4 1 9 7 10 2 3 8 0:0.0825269
4 1 9 7 10 2 8 3 0:0.0825121
4 1 9 7 10 8 2 3 0:0.0825109
7 0 4 10 1 8 2 3 9:0.082505
7 0 4 10 9 2 3 8 1:0.0824599
4 7 1 0 10 9 3 8 2:0.0823929
7 8 2 3 9 0 1 4 10:0.08235
4 7 1 0 10 9 8 2 3:0.0820909
4 1 9 7 10 2 8 0 3:0.0820241
4 1 9 7 10 0 3 2 8:0.081919
7 3 10 2 8 0 1 4 9:0.081816
4 7 1 0 10 2 9 3 8:0.0815609
4 7 1 0 9 8 3 10 2:0.0815001
7 0 4 10 1 8 9 2 3:0.0814209
4 1 9 7 10 3 2 0 8:0.0812922
7 9 10 3 0 8 4 1 2:0.0811851
4 1 9 7 10 0 8 3 2:0.0811541
4 7 1 0 10 3 2 9 8:0.0811491
7 3 10 2 8 0 4 9 1:0.0811419
7 10 3 4 2 8 1 0 9:0.0811131
7 10 3 4 2 8 9 1 0:0.0809951
4 1 9 7 10 0 8 2 3:0.080977
7 9 10 3 0 1 8 2 4:0.0809131
4 1 9 7 10 2 0 3 8:0.0808671
7 1 4 8 2 0 9 10 3:0.080853
4 7 1 0 10 2 9 8 3:0.080734
7 0 4 10 1 3 8 9 2:0.0806432
7 8 2 3 9 0 10 4 1:0.0804651
4 1 9 7 0 8 10 3 2:0.080364
7 3 10 2 8 1 9 0 4:0.080205
4 7 1 0 9 8 3 2 10:0.0801752
4 1 9 7 0 3 8 10 2:0.0801251
7 0 4 10 9 2 8 3 1:0.0799909
7 0 4 10 1 8 9 3 2:0.0799711
7 10 3 4 2 8 9 0 1:0.0798061
4 1 9 7 10 0 3 8 2:0.079792
7 8 2 3 9 1 0 10 4:0.0794971
4 7 1 0 10 2 3 8 9:0.079479
4 1 9 7 10 2 3 0 8:0.079443
7 0 4 10 1 8 2 9 3:0.0793562
7 10 2 1 9 4 0 3 8:0.0791621
4 7 1 0 10 9 8 3 2:0.0791619
4 7 1 0 9 8 10 2 3:0.079159
7 0 4 10 1 3 8 2 9:0.0791521
7 3 10 2 8 0 4 1 9:0.0791318
7 0 4 10 9 2 3 1 8:0.0789149
7 9 10 3 0 1 4 2 8:0.0788732
4 1 9 7 10 3 0 2 8:0.078738
4 7 1 0 9 3 8 2 10:0.0785151
4 7 1 0 10 9 3 2 8:0.078192
7 3 10 2 8 4 9 1 0:0.0780611
4 1 9 7 10 2 0 8 3:0.0780501
7 3 10 2 8 0 1 9 4:0.078023
4 1 9 7 0 8 2 3 10:0.0777621
4 1 9 7 0 8 10 2 3:0.0777309
4 1 9 7 10 0 2 3 8:0.0776451
7 3 10 2 8 4 9 0 1:0.0773878
