3 7 2 8 10 1 0 4 9:0.021611
3 4 9 2 0 7 10 8 1:0.021611
8 1 9 3 4 7 10 0 2:0.02161
8 0 3 7 9 4 1 10 2:0.0216069
8 0 7 2 10 9 1 4 3:0.021606
10 8 0 4 9 2 3 1 7:0.02159
3 9 10 4 0 1 8 7 2:0.0215709
3 8 9 7 10 0 4 2 1:0.0215628
3 10 7 0 9 1 4 8 2:0.0215602
8 4 0 10 1 7 3 2 9:0.021522
8 0 7 2 10 9 3 4 1:0.0215149
10 3 1 2 8 7 9 4 0:0.021502
8 4 0 10 1 2 3 7 9:0.021486
8 0 3 7 1 10 9 2 4:0.0214851
10 1 4 7 3 8 9 0 2:0.0214829
10 8 0 4 9 2 1 7 3:0.0214708
8 1 9 3 4 7 0 10 2:0.0214601
8 0 7 2 10 3 4 9 1:0.0214372
8 0 7 1 4 2 10 9 3:0.02143
10 3 1 2 8 4 0 9 7:0.0214279
8 4 0 10 1 2 9 3 7:0.0214279
3 10 8 2 7 9 4 1 0:0.021405
8 9 10 3 2 7 4 0 1:0.0214031
8 0 7 1 4 2 3 9 10:0.0213962
8 1 9 3 2 4 7 0 10:0.021389
8 1 9 3 7 10 4 0 2:0.0213859
10 3 1 2 8 0 7 9 4:0.0213771
10 3 1 2 8 7 0 4 9:0.0213749
8 0 7 2 10 3 1 9 4:0.021363
8 1 9 3 7 10 4 2 0:0.0213621
8 9 0 10 7 4 2 1 3:0.0213511
8 4 0 10 2 7 9 3 1:0.0213289
8 0 7 2 3 4 1 10 9:0.0213079
8 9 0 10 7 4 3 1 2:0.021292
8 4 0 10 1 7 2 3 9:0.0212779
8 1 9 3 4 7 2 0 10:0.0212719
3 1 7 8 10 0 4 2 9:0.021271
10 3 1 7 8 0 4 9 2:0.0212679
8 1 3 0 9 10 2 7 4:0.0212488
10 3 1 0 7 9 8 4 2:0.021183
8 2 4 1 3 9 10 7 0:0.021178
3 8 9 7 10 1 0 2 4:0.0211711
8 1 9 3 2 7 0 10 4:0.0211689
8 0 7 2 10 3 4 1 9:0.021152
3 8 9 4 7 2 1 0 10:0.0211511
8 1 9 3 7 10 2 0 4:0.021131
8 9 0 1 3 10 4 7 2:0.021116
3 1 7 10 9 0 8 2 4:0.0210772
10 3 1 0 7 9 2 8 4:0.02107
8 0 3 7 1 4 2 9 10:0.02105
8 1 9 3 7 0 10 2 4:0.0210359
8 2 4 9 7 10 1 0 3:0.021024
10 8 0 4 9 1 2 3 7:0.0210199
10 3 1 0 7 9 4 8 2:0.021003
8 0 3 7 2 10 1 9 4:0.020999
10 3 1 2 8 7 9 0 4:0.0209911
10 3 1 0 7 2 9 4 8:0.020977
3 7 10 4 2 9 0 8 1:0.020973
8 0 3 7 1 10 2 4 9:0.020937
8 2 4 9 7 10 3 1 0:0.0209281
8 0 7 2 10 3 1 4 9:0.020925
8 2 4 9 7 10 0 3 1:0.0209241
3 8 9 4 7 0 2 1 10:0.02092
8 1 9 3 2 7 4 0 10:0.02092
10 3 1 0 7 9 4 2 8:0.020901
10 3 1 2 8 4 7 9 0:0.0208781
3 8 9 7 1 10 2 0 4:0.0208681
3 8 9 7 10 1 2 0 4:0.0208449
8 4 0 10 1 2 7 3 9:0.0207961
8 1 9 3 7 0 2 10 4:0.0207851
8 2 4 9 7 3 0 1 10:0.0207791
8 0 7 2 10 1 4 3 9:0.020776
8 7 1 3 9 2 4 0 10:0.020771
8 1 9 3 7 10 0 2 4:0.020767
8 9 0 1 3 10 4 2 7:0.02075
8 1 9 3 2 7 10 0 4:0.020746
10 3 1 0 7 2 4 9 8:0.0207331
8 1 9 3 7 0 10 4 2:0.0206881
8 0 7 2 10 1 9 3 4:0.020633
8 4 0 10 1 2 3 9 7:0.0206242
8 1 9 3 7 0 4 10 2:0.020618
10 3 1 2 8 4 7 0 9:0.020606
8 0 7 2 10 1 9 4 3:0.0206032
8 4 0 10 1 2 7 9 3:0.0205801
8 9 0 10 7 4 1 2 3:0.0205591
8 7 1 3 0 10 9 4 2:0.020541
8 0 7 2 10 1 4 9 3:0.0204871
10 3 1 0 7 2 8 9 4:0.0204811
3 8 9 7 1 10 0 4 2:0.0204139
3 8 9 4 7 2 10 0 1:0.0204041
8 9 0 10 7 4 1 3 2:0.020391
8 9 0 10 7 2 4 1 3:0.0203791
8 0 7 2 10 9 3 1 4:0.0203509
8 0 7 2 10 1 3 9 4:0.0203352
8 0 7 2 10 9 4 3 1:0.020329
8 0 7 2 3 10 9 1 4:0.020318
8 0 7 2 10 9 4 1 3:0.020313
8 0 7 2 10 1 3 4 9:0.020216
10 3 1 0 7 9 2 4 8:0.0202129
8 1 9 3 7 0 4 2 10:0.019814
10 0 8 2 7 9 3 4 1:0.0211999
1 3 8 0 7 9 4 10 2:0.021179
1 3 8 0 7 2 9 10 4:0.021162
9 8 4 0 2 3 1 7 10:0.0211549
9 2 10 8 3 0 7 4 1:0.0211389
1 3 8 0 4 2 10 7 9:0.0211341
9 8 4 0 10 7 1 2 3:0.021101
1 10 0 8 2 4 3 7 9:0.021095
9 8 4 0 2 10 1 3 7:0.021081
1 3 8 0 4 9 10 7 2:0.021075
9 8 4 0 1 3 7 2 10:0.021035
1 3 8 0 7 2 10 4 9:0.0210299
9 4 0 8 2 3 1 7 10:0.021008
9 4 0 8 2 1 7 10 3:0.0210059
1 3 8 0 4 9 10 2 7:0.020988
1 3 8 0 7 2 9 4 10:0.0209439
9 8 4 0 2 10 3 7 1:0.0209341
9 8 4 0 1 10 7 3 2:0.020911
10 2 1 9 4 7 3 8 0:0.0208941
9 8 4 0 1 10 2 7 3:0.0208809
9 8 4 0 1 10 7 2 3:0.0208492
1 9 0 7 8 10 2 4 3:0.020843
10 4 2 3 0 1 9 7 8:0.0208311
9 8 4 0 2 10 1 7 3:0.0208251
1 3 8 0 4 7 9 2 10:0.020808
10 2 3 8 4 9 7 0 1:0.0208001
1 3 8 0 7 2 10 9 4:0.0207982
1 2 3 9 0 4 8 10 7:0.02073
9 8 4 0 10 7 1 3 2:0.0207219
1 3 8 0 4 9 2 10 7:0.020684
9 8 4 0 1 7 10 3 2:0.020669
1 3 8 0 7 9 4 2 10:0.020653
9 8 4 0 1 2 3 10 7:0.0205898
10 7 3 8 9 4 0 1 2:0.020586
1 3 8 0 4 9 2 7 10:0.0205789
1 3 8 0 7 9 10 4 2:0.020541
9 4 0 8 2 1 7 3 10:0.0205309
1 7 0 2 9 8 4 3 10:0.0205269
10 7 9 2 0 4 1 3 8:0.0205162
10 2 4 3 9 0 7 1 8:0.0205021
9 10 2 7 0 3 4 8 1:0.020489
1 9 0 4 7 2 3 8 10:0.0204411
10 7 3 8 9 4 0 2 1:0.0204282
1 9 0 4 7 2 8 3 10:0.0204151
9 8 4 0 1 7 3 2 10:0.0204
9 8 4 0 1 7 10 2 3:0.0203879
1 3 8 0 7 9 10 2 4:0.0203841
1 3 8 0 7 10 2 9 4:0.0203769
1 3 8 0 7 10 2 4 9:0.0203559
1 2 3 9 0 4 8 7 10:0.0203459
1 3 8 0 4 2 7 10 9:0.0203102
1 3 8 0 4 7 10 9 2:0.0202911
1 3 8 0 4 7 9 10 2:0.0202851
1 9 0 4 7 2 3 10 8:0.0202808
9 8 4 0 10 7 2 3 1:0.0202792
1 7 0 2 9 8 10 4 3:0.020251
9 4 0 8 2 1 10 3 7:0.0202498
9 4 0 8 2 3 7 10 1:0.0202389
9 4 0 8 2 3 1 10 7:0.0202382
1 3 8 0 7 10 4 9 2:0.020231
9 8 4 0 1 2 3 7 10:0.0202079
9 8 4 0 1 3 2 7 10:0.020179
9 8 4 0 1 2 10 3 7:0.020175
9 8 4 0 1 2 10 7 3:0.0201738
1 9 0 7 8 10 2 3 4:0.020165
9 4 0 8 2 10 7 1 3:0.0201499
1 7 0 2 9 8 4 10 3:0.020139
9 4 0 8 2 1 3 7 10:0.020128
9 10 0 3 8 4 2 1 7:0.0201271
9 10 0 3 8 4 1 7 2:0.0201111
1 3 8 0 4 7 10 2 9:0.0201101
1 3 8 0 4 7 2 10 9:0.0200832
1 9 0 7 8 3 10 4 2:0.0200801
1 3 8 0 7 10 4 2 9:0.020067
1 3 8 0 4 7 2 9 10:0.0200589
1 9 0 4 7 2 10 3 8:0.0200469
1 9 0 4 7 2 8 10 3:0.020035
9 8 4 0 10 7 2 1 3:0.0200341
1 3 8 0 7 10 9 4 2:0.0200341
10 2 1 9 4 7 3 0 8:0.0200272
9 8 4 0 1 10 2 3 7:0.020016
9 8 4 0 1 2 7 3 10:0.0199881
9 4 0 8 2 1 3 10 7:0.019978
1 9 0 7 8 3 2 4 10:0.019974
9 8 4 0 1 2 7 10 3:0.0199559
1 3 8 0 4 2 7 9 10:0.0199549
1 3 8 0 7 10 9 2 4:0.019912
9 10 0 3 8 4 2 7 1:0.0198879
1 9 0 7 8 10 3 2 4:0.0198781
9 4 0 8 2 3 7 1 10:0.0198669
9 8 4 0 1 7 3 10 2:0.0198588
10 7 3 8 9 4 2 1 0:0.0198169
9 4 0 8 2 1 10 7 3:0.01967
1 9 0 7 8 3 4 10 2:0.0196579
9 8 4 0 1 10 3 7 2:0.0196178
9 4 0 8 2 7 3 10 1:0.0195761
1 9 0 7 8 3 4 2 10:0.0195749
9 8 4 0 1 10 3 2 7:0.019511
1 9 0 7 8 10 3 4 2:0.0194192
1 7 0 2 9 3 8 10 4:0.0191109
0 3 1 7 10 2 4 8 9:0.020854
2 10 1 3 9 7 0 4 8:0.020838
2 8 4 9 1 10 7 0 3:0.020818
2 8 4 9 1 10 3 7 0:0.020817
4 3 8 9 2 7 0 10 1:0.020813
2 10 1 8 3 9 0 4 7:0.020803
4 3 0 10 7 1 9 2 8:0.0207639
0 1 2 9 8 3 10 4 7:0.0207481
0 8 1 2 10 3 9 7 4:0.0207469
0 1 2 10 7 4 9 8 3:0.020745
0 3 9 10 7 4 2 1 8:0.020741
0 8 1 2 10 3 4 7 9:0.0207071
2 10 1 8 3 0 4 9 7:0.0207021
2 10 9 7 4 0 1 3 8:0.0206752
4 8 10 0 3 2 1 9 7:0.020663
4 3 8 9 2 1 0 10 7:0.0206339
4 3 8 9 2 7 1 10 0:0.020633
2 8 4 9 1 7 3 0 10:0.0206261
2 9 3 4 7 8 10 1 0:0.0205941
2 3 0 10 9 7 8 1 4:0.0205719
0 7 8 4 3 2 1 10 9:0.0205669
2 10 9 7 4 0 1 8 3:0.0205641
0 1 2 10 7 4 9 3 8:0.02056
0 8 1 2 10 7 3 4 9:0.0205541
0 3 9 1 8 2 10 4 7:0.0205529
2 8 4 9 1 7 10 3 0:0.02055
2 10 1 8 3 0 4 7 9:0.0205331
2 10 1 8 3 0 9 4 7:0.0205221
2 8 4 9 10 7 0 3 1:0.0204999
0 1 2 10 7 4 3 8 9:0.020493
2 3 1 8 9 0 7 4 10:0.0204699
4 8 10 0 3 1 2 9 7:0.0204661
0 4 10 8 1 3 2 7 9:0.020437
4 3 8 9 2 0 7 1 10:0.020437
2 10 1 8 3 9 7 4 0:0.0204329
0 7 4 9 2 10 8 1 3:0.0204251
2 8 4 9 1 0 7 3 10:0.0204141
2 8 4 9 1 7 0 10 3:0.020411
2 10 1 8 3 0 9 7 4:0.0204082
0 3 9 1 8 10 7 2 4:0.0204058
0 3 9 1 8 10 4 2 7:0.0204041
2 8 4 9 10 7 1 3 0:0.020391
0 3 9 1 8 2 4 10 7:0.020386
0 7 4 9 2 3 1 10 8:0.0203772
4 3 8 9 2 7 10 0 1:0.020371
0 8 1 2 10 9 4 7 3:0.020371
2 8 4 9 1 7 0 3 10:0.0203681
2 3 0 10 9 4 1 7 8:0.020364
2 8 4 9 0 3 1 7 10:0.0203521
0 3 9 10 7 4 1 2 8:0.0203352
0 8 1 2 10 9 7 3 4:0.02033
2 8 4 9 1 10 3 0 7:0.0203202
2 8 4 9 0 3 7 10 1:0.0203118
2 8 4 9 1 3 7 0 10:0.0203061
2 10 9 7 4 0 3 1 8:0.0202899
0 3 7 4 8 10 1 2 9:0.020262
0 3 9 1 8 2 4 7 10:0.020257
2 8 4 9 1 3 7 10 0:0.0202451
0 1 2 10 7 4 8 9 3:0.020237
2 10 1 8 3 9 4 0 7:0.0202348
2 3 0 10 9 7 8 4 1:0.020231
0 1 2 10 7 4 8 3 9:0.020225
0 3 9 1 8 2 10 7 4:0.0202188
0 8 1 2 10 9 3 4 7:0.0202019
2 8 4 9 10 7 1 0 3:0.0201919
2 8 4 9 0 3 10 1 7:0.020184
2 10 1 8 3 9 4 7 0:0.0201821
2 9 3 4 0 7 1 8 10:0.0201719
0 8 1 2 10 3 4 9 7:0.0201678
2 10 1 8 3 9 7 0 4:0.0201619
4 3 8 9 2 0 10 7 1:0.0201559
2 10 1 8 3 0 7 9 4:0.0201411
2 8 4 9 10 7 0 1 3:0.0201399
4 3 8 9 2 1 0 7 10:0.0201361
0 8 1 2 10 4 9 3 7:0.020124
0 8 1 2 10 7 9 3 4:0.0201092
0 2 9 3 4 1 7 8 10:0.020107
0 1 4 9 7 2 3 8 10:0.0200441
0 8 1 2 10 4 3 7 9:0.020035
0 1 2 10 7 4 3 9 8:0.0200272
4 3 8 9 7 10 1 2 0:0.020026
4 3 8 9 7 10 2 0 1:0.0200129
0 3 9 1 8 4 10 2 7:0.020004
0 3 9 1 8 4 10 7 2:0.0199242
2 10 9 7 4 1 0 3 8:0.0199111
0 3 9 1 8 2 7 4 10:0.0198951
0 8 1 2 10 3 7 4 9:0.019892
4 3 8 9 2 0 1 10 7:0.0198581
4 3 8 9 2 0 10 1 7:0.0198531
0 3 9 10 7 4 2 8 1:0.019835
0 8 1 2 10 9 4 3 7:0.0197921
0 8 1 2 10 9 3 7 4:0.019789
2 3 0 10 9 4 7 1 8:0.019778
2 9 3 4 7 8 10 0 1:0.0197651
4 3 8 9 2 0 1 7 10:0.0197439
0 3 9 1 8 10 7 4 2:0.019702
0 3 9 1 8 2 7 10 4:0.0196249
4 3 8 9 2 0 7 10 1:0.019521
2 3 0 10 9 4 7 8 1:0.0191891
4 3 8 9 7 10 0 1 2:0.01913
7 1 4 9 10 2 8 0 3:0.0216241
4 7 2 1 3 8 0 10 9:0.0216112
7 9 4 0 3 1 2 10 8:0.02158
7 8 2 3 10 0 1 9 4:0.0215659
4 1 9 7 2 10 0 3 8:0.0215008
4 9 7 0 3 2 10 8 1:0.021498
7 10 3 4 2 8 9 1 0:0.0214901
4 0 8 1 9 10 7 2 3:0.021466
7 3 10 2 8 9 1 0 4:0.0214419
7 9 10 3 0 1 8 2 4:0.021426
4 1 9 7 0 3 8 10 2:0.021414
7 1 10 0 8 2 4 9 3:0.0214071
7 8 2 3 10 1 4 9 0:0.0214021
7 3 10 1 2 4 0 8 9:0.0213821
7 4 2 0 1 10 8 3 9:0.021363
7 2 4 8 1 10 3 0 9:0.0213599
7 9 10 3 0 1 2 4 8:0.0213592
7 0 10 3 1 8 4 9 2:0.0213571
7 0 2 9 3 1 4 8 10:0.0213559
7 4 2 1 3 9 0 10 8:0.0213521
7 10 4 0 8 9 2 1 3:0.021343
7 10 2 1 9 4 3 0 8:0.0212691
4 1 9 7 0 8 2 10 3:0.02124
7 0 10 2 1 4 8 3 9:0.02123
7 0 10 4 9 3 2 8 1:0.0212159
4 0 1 3 7 10 9 2 8:0.0212061
4 0 8 1 9 10 7 3 2:0.0211918
7 3 10 2 8 9 4 0 1:0.0211751
7 3 10 2 8 9 0 1 4:0.0211749
7 9 10 3 1 4 8 2 0:0.0211191
7 4 2 0 1 9 3 10 8:0.0210979
7 0 2 9 4 8 3 1 10:0.0210969
7 10 2 8 3 1 0 9 4:0.0209911
7 8 2 3 10 1 9 4 0:0.0209589
4 1 10 9 8 3 0 2 7:0.0209041
7 10 2 1 0 8 3 9 4:0.0209022
7 1 4 9 10 0 3 8 2:0.0208771
7 2 4 1 3 10 0 9 8:0.020854
7 0 10 2 1 4 3 8 9:0.0208452
7 1 10 0 8 9 4 3 2:0.020824
7 8 2 3 10 4 0 1 9:0.0208139
4 2 8 7 3 1 10 0 9:0.0208011
4 7 10 9 0 1 2 8 3:0.020793
7 4 2 0 1 10 3 9 8:0.0207601
7 2 9 8 1 3 4 10 0:0.0207582
7 4 2 0 1 9 8 10 3:0.0207419
7 10 2 1 0 8 4 3 9:0.020721
4 2 8 7 3 1 0 9 10:0.0206809
4 2 8 7 3 9 0 1 10:0.0206618
7 8 10 1 0 3 9 4 2:0.0206418
7 10 2 1 0 3 8 9 4:0.020638
7 8 2 3 10 0 4 9 1:0.020607
7 8 2 3 9 10 1 0 4:0.0205829
7 8 2 3 10 1 0 9 4:0.020565
7 0 10 2 4 8 9 3 1:0.0204899
4 2 1 7 10 0 3 9 8:0.0204771
4 2 8 7 3 1 0 10 9:0.020452
4 2 8 7 3 1 9 10 0:0.0204082
7 8 2 3 10 4 9 0 1:0.0203788
7 8 2 3 9 10 1 4 0:0.02035
7 8 10 1 0 9 3 2 4:0.0203102
4 2 8 7 3 0 10 9 1:0.020308
7 2 4 1 3 10 0 8 9:0.020288
4 2 8 7 3 1 9 0 10:0.0202758
7 8 10 1 0 9 2 3 4:0.020231
7 8 2 3 9 1 0 4 10:0.0202241
7 2 9 8 1 10 4 0 3:0.0200789
7 2 9 8 1 10 4 3 0:0.0200531
7 8 10 1 0 9 4 2 3:0.0199828
7 2 9 8 1 10 3 4 0:0.019969
7 3 10 2 8 1 4 0 9:0.0199459
7 3 10 2 8 0 1 4 9:0.019943
7 1 10 0 8 4 3 2 9:0.0199151
7 8 2 3 10 4 0 9 1:0.019887
7 8 2 3 10 4 1 0 9:0.019865
7 2 10 9 3 8 4 0 1:0.0198619
7 3 10 2 8 0 1 9 4:0.0198388
7 8 2 3 9 0 10 4 1:0.0198131
7 8 2 3 10 4 1 9 0:0.0197821
7 3 10 2 8 0 9 4 1:0.019773
7 3 10 2 8 0 9 1 4:0.0197341
7 3 10 2 8 1 0 9 4:0.019722
7 2 9 8 1 10 0 3 4:0.0197041
4 2 8 7 3 0 10 1 9:0.0197001
7 8 2 3 9 1 4 10 0:0.019695
7 8 2 3 9 0 1 10 4:0.019629
7 8 2 3 9 1 4 0 10:0.019577
7 3 10 2 8 0 4 9 1:0.019491
7 2 9 8 1 10 0 4 3:0.01949
7 8 2 3 9 0 10 1 4:0.0193841
7 3 10 2 8 0 4 1 9:0.0192869
7 8 2 3 9 1 10 0 4:0.0192618
7 8 2 3 9 1 0 10 4:0.0191469
7 8 2 3 9 10 0 4 1:0.019141
7 8 2 3 9 1 10 4 0:0.0190959
7 8 2 3 9 10 4 1 0:0.019016
7 8 2 3 9 10 0 1 4:0.018966
7 8 2 3 9 10 4 0 1:0.018913
7 3 10 2 8 4 9 1 0:0.0187778
7 3 10 2 8 4 9 0 1:0.0187762
