7 3 10 2 8 4 9 0 1:0.0187762
7 3 10 2 8 4 9 1 0:0.0187778
7 8 2 3 9 10 4 0 1:0.018913
7 8 2 3 9 10 0 1 4:0.018966
7 8 2 3 9 10 4 1 0:0.019016
7 8 2 3 9 1 10 4 0:0.0190959
1 7 0 2 9 3 8 10 4:0.0191109
4 3 8 9 7 10 0 1 2:0.01913
7 8 2 3 9 10 0 4 1:0.019141
7 8 2 3 9 1 0 10 4:0.0191469
2 3 0 10 9 4 7 8 1:0.0191891
7 8 2 3 9 1 10 0 4:0.0192618
7 3 10 2 8 0 4 1 9:0.0192869
7 8 2 3 9 0 10 1 4:0.0193841
1 9 0 7 8 10 3 4 2:0.0194192
7 2 9 8 1 10 0 4 3:0.01949
7 3 10 2 8 0 4 9 1:0.019491
9 8 4 0 1 10 3 2 7:0.019511
4 3 8 9 2 0 7 10 1:0.019521
1 9 0 7 8 3 4 2 10:0.0195749
9 4 0 8 2 7 3 10 1:0.0195761
7 8 2 3 9 1 4 0 10:0.019577
9 8 4 0 1 10 3 7 2:0.0196178
0 3 9 1 8 2 7 10 4:0.0196249
7 8 2 3 9 0 1 10 4:0.019629
1 9 0 7 8 3 4 10 2:0.0196579
9 4 0 8 2 1 10 7 3:0.01967
7 8 2 3 9 1 4 10 0:0.019695
4 2 8 7 3 0 10 1 9:0.0197001
0 3 9 1 8 10 7 4 2:0.019702
7 2 9 8 1 10 0 3 4:0.0197041
7 3 10 2 8 1 0 9 4:0.019722
7 3 10 2 8 0 9 1 4:0.0197341
4 3 8 9 2 0 1 7 10:0.0197439
2 9 3 4 7 8 10 0 1:0.0197651
7 3 10 2 8 0 9 4 1:0.019773
2 3 0 10 9 4 7 1 8:0.019778
7 8 2 3 10 4 1 9 0:0.0197821
0 8 1 2 10 9 3 7 4:0.019789
0 8 1 2 10 9 4 3 7:0.0197921
7 8 2 3 9 0 10 4 1:0.0198131
8 1 9 3 7 0 4 2 10:0.019814
10 7 3 8 9 4 2 1 0:0.0198169
0 3 9 10 7 4 2 8 1:0.019835
7 3 10 2 8 0 1 9 4:0.0198388
4 3 8 9 2 0 10 1 7:0.0198531
4 3 8 9 2 0 1 10 7:0.0198581
9 8 4 0 1 7 3 10 2:0.0198588
7 2 10 9 3 8 4 0 1:0.0198619
7 8 2 3 10 4 1 0 9:0.019865
9 4 0 8 2 3 7 1 10:0.0198669
1 9 0 7 8 10 3 2 4:0.0198781
7 8 2 3 10 4 0 9 1:0.019887
9 10 0 3 8 4 2 7 1:0.0198879
0 8 1 2 10 3 7 4 9:0.019892
0 3 9 1 8 2 7 4 10:0.0198951
2 10 9 7 4 1 0 3 8:0.0199111
1 3 8 0 7 10 9 2 4:0.019912
7 1 10 0 8 4 3 2 9:0.0199151
0 3 9 1 8 4 10 7 2:0.0199242
7 3 10 2 8 0 1 4 9:0.019943
7 3 10 2 8 1 4 0 9:0.0199459
1 3 8 0 4 2 7 9 10:0.0199549
9 8 4 0 1 2 7 10 3:0.0199559
7 2 9 8 1 10 3 4 0:0.019969
1 9 0 7 8 3 2 4 10:0.019974
9 4 0 8 2 1 3 10 7:0.019978
7 8 10 1 0 9 4 2 3:0.0199828
9 8 4 0 1 2 7 3 10:0.0199881
0 3 9 1 8 4 10 2 7:0.020004
4 3 8 9 7 10 2 0 1:0.0200129
9 8 4 0 1 10 2 3 7:0.020016
4 3 8 9 7 10 1 2 0:0.020026
0 1 2 10 7 4 3 9 8:0.0200272
10 2 1 9 4 7 3 0 8:0.0200272
1 3 8 0 7 10 9 4 2:0.0200341
9 8 4 0 10 7 2 1 3:0.0200341
0 8 1 2 10 4 3 7 9:0.020035
1 9 0 4 7 2 8 10 3:0.020035
0 1 4 9 7 2 3 8 10:0.0200441
1 9 0 4 7 2 10 3 8:0.0200469
7 2 9 8 1 10 4 3 0:0.0200531
1 3 8 0 4 7 2 9 10:0.0200589
1 3 8 0 7 10 4 2 9:0.020067
7 2 9 8 1 10 4 0 3:0.0200789
1 9 0 7 8 3 10 4 2:0.0200801
1 3 8 0 4 7 2 10 9:0.0200832
0 2 9 3 4 1 7 8 10:0.020107
0 8 1 2 10 7 9 3 4:0.0201092
1 3 8 0 4 7 10 2 9:0.0201101
9 10 0 3 8 4 1 7 2:0.0201111
0 8 1 2 10 4 9 3 7:0.020124
9 10 0 3 8 4 2 1 7:0.0201271
9 4 0 8 2 1 3 7 10:0.020128
4 3 8 9 2 1 0 7 10:0.0201361
1 7 0 2 9 8 4 10 3:0.020139
2 8 4 9 10 7 0 1 3:0.0201399
2 10 1 8 3 0 7 9 4:0.0201411
9 4 0 8 2 10 7 1 3:0.0201499
4 3 8 9 2 0 10 7 1:0.0201559
2 10 1 8 3 9 7 0 4:0.0201619
1 9 0 7 8 10 2 3 4:0.020165
0 8 1 2 10 3 4 9 7:0.0201678
2 9 3 4 0 7 1 8 10:0.0201719
9 8 4 0 1 2 10 7 3:0.0201738
9 8 4 0 1 2 10 3 7:0.020175
9 8 4 0 1 3 2 7 10:0.020179
2 10 1 8 3 9 4 7 0:0.0201821
2 8 4 9 0 3 10 1 7:0.020184
2 8 4 9 10 7 1 0 3:0.0201919
0 8 1 2 10 9 3 4 7:0.0202019
9 8 4 0 1 2 3 7 10:0.0202079
10 3 1 0 7 9 2 4 8:0.0202129
8 0 7 2 10 1 3 4 9:0.020216
0 3 9 1 8 2 10 7 4:0.0202188
7 8 2 3 9 1 0 4 10:0.0202241
0 1 2 10 7 4 8 3 9:0.020225
1 3 8 0 7 10 4 9 2:0.020231
2 3 0 10 9 7 8 4 1:0.020231
7 8 10 1 0 9 2 3 4:0.020231
2 10 1 8 3 9 4 0 7:0.0202348
0 1 2 10 7 4 8 9 3:0.020237
9 4 0 8 2 3 1 10 7:0.0202382
9 4 0 8 2 3 7 10 1:0.0202389
2 8 4 9 1 3 7 10 0:0.0202451
9 4 0 8 2 1 10 3 7:0.0202498
1 7 0 2 9 8 10 4 3:0.020251
0 3 9 1 8 2 4 7 10:0.020257
0 3 7 4 8 10 1 2 9:0.020262
4 2 8 7 3 1 9 0 10:0.0202758
9 8 4 0 10 7 2 3 1:0.0202792
1 9 0 4 7 2 3 10 8:0.0202808
1 3 8 0 4 7 9 10 2:0.0202851
7 2 4 1 3 10 0 8 9:0.020288
2 10 9 7 4 0 3 1 8:0.0202899
1 3 8 0 4 7 10 9 2:0.0202911
2 8 4 9 1 3 7 0 10:0.0203061
4 2 8 7 3 0 10 9 1:0.020308
1 3 8 0 4 2 7 10 9:0.0203102
7 8 10 1 0 9 3 2 4:0.0203102
2 8 4 9 0 3 7 10 1:0.0203118
8 0 7 2 10 9 4 1 3:0.020313
8 0 7 2 3 10 9 1 4:0.020318
2 8 4 9 1 10 3 0 7:0.0203202
8 0 7 2 10 9 4 3 1:0.020329
0 8 1 2 10 9 7 3 4:0.02033
0 3 9 10 7 4 1 2 8:0.0203352
8 0 7 2 10 1 3 9 4:0.0203352
1 2 3 9 0 4 8 7 10:0.0203459
7 8 2 3 9 10 1 4 0:0.02035
8 0 7 2 10 9 3 1 4:0.0203509
2 8 4 9 0 3 1 7 10:0.0203521
1 3 8 0 7 10 2 4 9:0.0203559
2 3 0 10 9 4 1 7 8:0.020364
2 8 4 9 1 7 0 3 10:0.0203681
0 8 1 2 10 9 4 7 3:0.020371
4 3 8 9 2 7 10 0 1:0.020371
1 3 8 0 7 10 2 9 4:0.0203769
0 7 4 9 2 3 1 10 8:0.0203772
7 8 2 3 10 4 9 0 1:0.0203788
8 9 0 10 7 2 4 1 3:0.0203791
1 3 8 0 7 9 10 2 4:0.0203841
0 3 9 1 8 2 4 10 7:0.020386
9 8 4 0 1 7 10 2 3:0.0203879
2 8 4 9 10 7 1 3 0:0.020391
8 9 0 10 7 4 1 3 2:0.020391
9 8 4 0 1 7 3 2 10:0.0204
0 3 9 1 8 10 4 2 7:0.0204041
3 8 9 4 7 2 10 0 1:0.0204041
0 3 9 1 8 10 7 2 4:0.0204058
2 10 1 8 3 0 9 7 4:0.0204082
4 2 8 7 3 1 9 10 0:0.0204082
2 8 4 9 1 7 0 10 3:0.020411
3 8 9 7 1 10 0 4 2:0.0204139
2 8 4 9 1 0 7 3 10:0.0204141
1 9 0 4 7 2 8 3 10:0.0204151
0 7 4 9 2 10 8 1 3:0.0204251
10 7 3 8 9 4 0 2 1:0.0204282
2 10 1 8 3 9 7 4 0:0.0204329
0 4 10 8 1 3 2 7 9:0.020437
4 3 8 9 2 0 7 1 10:0.020437
1 9 0 4 7 2 3 8 10:0.0204411
4 2 8 7 3 1 0 10 9:0.020452
4 8 10 0 3 1 2 9 7:0.0204661
2 3 1 8 9 0 7 4 10:0.0204699
4 2 1 7 10 0 3 9 8:0.0204771
10 3 1 0 7 2 8 9 4:0.0204811
8 0 7 2 10 1 4 9 3:0.0204871
9 10 2 7 0 3 4 8 1:0.020489
7 0 10 2 4 8 9 3 1:0.0204899
0 1 2 10 7 4 3 8 9:0.020493
2 8 4 9 10 7 0 3 1:0.0204999
10 2 4 3 9 0 7 1 8:0.0205021
10 7 9 2 0 4 1 3 8:0.0205162
2 10 1 8 3 0 9 4 7:0.0205221
1 7 0 2 9 8 4 3 10:0.0205269
9 4 0 8 2 1 7 3 10:0.0205309
2 10 1 8 3 0 4 7 9:0.0205331
1 3 8 0 7 9 10 4 2:0.020541
8 7 1 3 0 10 9 4 2:0.020541
2 8 4 9 1 7 10 3 0:0.02055
0 3 9 1 8 2 10 4 7:0.0205529
0 8 1 2 10 7 3 4 9:0.0205541
8 9 0 10 7 4 1 2 3:0.0205591
0 1 2 10 7 4 9 3 8:0.02056
2 10 9 7 4 0 1 8 3:0.0205641
7 8 2 3 10 1 0 9 4:0.020565
0 7 8 4 3 2 1 10 9:0.0205669
2 3 0 10 9 7 8 1 4:0.0205719
1 3 8 0 4 9 2 7 10:0.0205789
8 4 0 10 1 2 7 9 3:0.0205801
7 8 2 3 9 10 1 0 4:0.0205829
10 7 3 8 9 4 0 1 2:0.020586
9 8 4 0 1 2 3 10 7:0.0205898
2 9 3 4 7 8 10 1 0:0.0205941
8 0 7 2 10 1 9 4 3:0.0206032
10 3 1 2 8 4 7 0 9:0.020606
7 8 2 3 10 0 4 9 1:0.020607
8 1 9 3 7 0 4 10 2:0.020618
8 4 0 10 1 2 3 9 7:0.0206242
2 8 4 9 1 7 3 0 10:0.0206261
4 3 8 9 2 7 1 10 0:0.020633
8 0 7 2 10 1 9 3 4:0.020633
4 3 8 9 2 1 0 10 7:0.0206339
7 10 2 1 0 3 8 9 4:0.020638
7 8 10 1 0 3 9 4 2:0.0206418
1 3 8 0 7 9 4 2 10:0.020653
4 2 8 7 3 9 0 1 10:0.0206618
4 8 10 0 3 2 1 9 7:0.020663
9 8 4 0 1 7 10 3 2:0.020669
2 10 9 7 4 0 1 3 8:0.0206752
4 2 8 7 3 1 0 9 10:0.0206809
1 3 8 0 4 9 2 10 7:0.020684
8 1 9 3 7 0 10 4 2:0.0206881
2 10 1 8 3 0 4 9 7:0.0207021
0 8 1 2 10 3 4 7 9:0.0207071
7 10 2 1 0 8 4 3 9:0.020721
9 8 4 0 10 7 1 3 2:0.0207219
1 2 3 9 0 4 8 10 7:0.02073
10 3 1 0 7 2 4 9 8:0.0207331
0 3 9 10 7 4 2 1 8:0.020741
7 4 2 0 1 9 8 10 3:0.0207419
0 1 2 10 7 4 9 8 3:0.020745
8 1 9 3 2 7 10 0 4:0.020746
0 8 1 2 10 3 9 7 4:0.0207469
0 1 2 9 8 3 10 4 7:0.0207481
8 9 0 1 3 10 4 2 7:0.02075
7 2 9 8 1 3 4 10 0:0.0207582
7 4 2 0 1 10 3 9 8:0.0207601
4 3 0 10 7 1 9 2 8:0.0207639
8 1 9 3 7 10 0 2 4:0.020767
8 7 1 3 9 2 4 0 10:0.020771
8 0 7 2 10 1 4 3 9:0.020776
8 2 4 9 7 3 0 1 10:0.0207791
8 1 9 3 7 0 2 10 4:0.0207851
4 7 10 9 0 1 2 8 3:0.020793
8 4 0 10 1 2 7 3 9:0.0207961
1 3 8 0 7 2 10 9 4:0.0207982
10 2 3 8 4 9 7 0 1:0.0208001
4 2 8 7 3 1 10 0 9:0.0208011
2 10 1 8 3 9 0 4 7:0.020803
1 3 8 0 4 7 9 2 10:0.020808
4 3 8 9 2 7 0 10 1:0.020813
7 8 2 3 10 4 0 1 9:0.0208139
2 8 4 9 1 10 3 7 0:0.020817
2 8 4 9 1 10 7 0 3:0.020818
7 1 10 0 8 9 4 3 2:0.020824
9 8 4 0 2 10 1 7 3:0.0208251
10 4 2 3 0 1 9 7 8:0.0208311
2 10 1 3 9 7 0 4 8:0.020838
1 9 0 7 8 10 2 4 3:0.020843
3 8 9 7 10 1 2 0 4:0.0208449
7 0 10 2 1 4 3 8 9:0.0208452
9 8 4 0 1 10 7 2 3:0.0208492
0 3 1 7 10 2 4 8 9:0.020854
7 2 4 1 3 10 0 9 8:0.020854
3 8 9 7 1 10 2 0 4:0.0208681
7 1 4 9 10 0 3 8 2:0.0208771
10 3 1 2 8 4 7 9 0:0.0208781
9 8 4 0 1 10 2 7 3:0.0208809
10 2 1 9 4 7 3 8 0:0.0208941
10 3 1 0 7 9 4 2 8:0.020901
7 10 2 1 0 8 3 9 4:0.0209022
4 1 10 9 8 3 0 2 7:0.0209041
9 8 4 0 1 10 7 3 2:0.020911
3 8 9 4 7 0 2 1 10:0.02092
8 1 9 3 2 7 4 0 10:0.02092
8 2 4 9 7 10 0 3 1:0.0209241
8 0 7 2 10 3 1 4 9:0.020925
8 2 4 9 7 10 3 1 0:0.0209281
9 8 4 0 2 10 3 7 1:0.0209341
8 0 3 7 1 10 2 4 9:0.020937
1 3 8 0 7 2 9 4 10:0.0209439
7 8 2 3 10 1 9 4 0:0.0209589
3 7 10 4 2 9 0 8 1:0.020973
10 3 1 0 7 2 9 4 8:0.020977
1 3 8 0 4 9 10 2 7:0.020988
10 3 1 2 8 7 9 0 4:0.0209911
7 10 2 8 3 1 0 9 4:0.0209911
8 0 3 7 2 10 1 9 4:0.020999
10 3 1 0 7 9 4 8 2:0.021003
9 4 0 8 2 1 7 10 3:0.0210059
9 4 0 8 2 3 1 7 10:0.021008
10 8 0 4 9 1 2 3 7:0.0210199
8 2 4 9 7 10 1 0 3:0.021024
1 3 8 0 7 2 10 4 9:0.0210299
9 8 4 0 1 3 7 2 10:0.021035
8 1 9 3 7 0 10 2 4:0.0210359
8 0 3 7 1 4 2 9 10:0.02105
10 3 1 0 7 9 2 8 4:0.02107
1 3 8 0 4 9 10 7 2:0.021075
3 1 7 10 9 0 8 2 4:0.0210772
9 8 4 0 2 10 1 3 7:0.021081
1 10 0 8 2 4 3 7 9:0.021095
7 0 2 9 4 8 3 1 10:0.0210969
7 4 2 0 1 9 3 10 8:0.0210979
9 8 4 0 10 7 1 2 3:0.021101
8 9 0 1 3 10 4 7 2:0.021116
7 9 10 3 1 4 8 2 0:0.0211191
8 1 9 3 7 10 2 0 4:0.021131
1 3 8 0 4 2 10 7 9:0.0211341
9 2 10 8 3 0 7 4 1:0.0211389
3 8 9 4 7 2 1 0 10:0.0211511
8 0 7 2 10 3 4 1 9:0.021152
9 8 4 0 2 3 1 7 10:0.0211549
1 3 8 0 7 2 9 10 4:0.021162
8 1 9 3 2 7 0 10 4:0.0211689
3 8 9 7 10 1 0 2 4:0.0211711
7 3 10 2 8 9 0 1 4:0.0211749
7 3 10 2 8 9 4 0 1:0.0211751
8 2 4 1 3 9 10 7 0:0.021178
1 3 8 0 7 9 4 10 2:0.021179
10 3 1 0 7 9 8 4 2:0.021183
4 0 8 1 9 10 7 3 2:0.0211918
10 0 8 2 7 9 3 4 1:0.0211999
4 0 1 3 7 10 9 2 8:0.0212061
7 0 10 4 9 3 2 8 1:0.0212159
7 0 10 2 1 4 8 3 9:0.02123
4 1 9 7 0 8 2 10 3:0.02124
8 1 3 0 9 10 2 7 4:0.0212488
10 3 1 7 8 0 4 9 2:0.0212679
7 10 2 1 9 4 3 0 8:0.0212691
3 1 7 8 10 0 4 2 9:0.021271
8 1 9 3 4 7 2 0 10:0.0212719
8 4 0 10 1 7 2 3 9:0.0212779
8 9 0 10 7 4 3 1 2:0.021292
8 0 7 2 3 4 1 10 9:0.0213079
8 4 0 10 2 7 9 3 1:0.0213289
7 10 4 0 8 9 2 1 3:0.021343
8 9 0 10 7 4 2 1 3:0.0213511
7 4 2 1 3 9 0 10 8:0.0213521
7 0 2 9 3 1 4 8 10:0.0213559
7 0 10 3 1 8 4 9 2:0.0213571
7 9 10 3 0 1 2 4 8:0.0213592
7 2 4 8 1 10 3 0 9:0.0213599
8 1 9 3 7 10 4 2 0:0.0213621
7 4 2 0 1 10 8 3 9:0.021363
8 0 7 2 10 3 1 9 4:0.021363
10 3 1 2 8 7 0 4 9:0.0213749
10 3 1 2 8 0 7 9 4:0.0213771
7 3 10 1 2 4 0 8 9:0.0213821
8 1 9 3 7 10 4 0 2:0.0213859
8 1 9 3 2 4 7 0 10:0.021389
8 0 7 1 4 2 3 9 10:0.0213962
7 8 2 3 10 1 4 9 0:0.0214021
8 9 10 3 2 7 4 0 1:0.0214031
3 10 8 2 7 9 4 1 0:0.021405
7 1 10 0 8 2 4 9 3:0.0214071
4 1 9 7 0 3 8 10 2:0.021414
7 9 10 3 0 1 8 2 4:0.021426
10 3 1 2 8 4 0 9 7:0.0214279
8 4 0 10 1 2 9 3 7:0.0214279
8 0 7 1 4 2 10 9 3:0.02143
8 0 7 2 10 3 4 9 1:0.0214372
7 3 10 2 8 9 1 0 4:0.0214419
8 1 9 3 4 7 0 10 2:0.0214601
4 0 8 1 9 10 7 2 3:0.021466
10 8 0 4 9 2 1 7 3:0.0214708
10 1 4 7 3 8 9 0 2:0.0214829
8 0 3 7 1 10 9 2 4:0.0214851
8 4 0 10 1 2 3 7 9:0.021486
7 10 3 4 2 8 9 1 0:0.0214901
4 9 7 0 3 2 10 8 1:0.021498
4 1 9 7 2 10 0 3 8:0.0215008
10 3 1 2 8 7 9 4 0:0.021502
8 0 7 2 10 9 3 4 1:0.0215149
8 4 0 10 1 7 3 2 9:0.021522
3 10 7 0 9 1 4 8 2:0.0215602
3 8 9 7 10 0 4 2 1:0.0215628
7 8 2 3 10 0 1 9 4:0.0215659
3 9 10 4 0 1 8 7 2:0.0215709
7 9 4 0 3 1 2 10 8:0.02158
10 8 0 4 9 2 3 1 7:0.02159
8 0 7 2 10 9 1 4 3:0.021606
8 0 3 7 9 4 1 10 2:0.0216069
8 1 9 3 4 7 10 0 2:0.02161
3 4 9 2 0 7 10 8 1:0.021611
3 7 2 8 10 1 0 4 9:0.021611
4 7 2 1 3 8 0 10 9:0.0216112
7 1 4 9 10 2 8 0 3:0.0216241
