3 7 2 8 10 1 0 4 9:0.021611
3 4 9 2 0 7 10 8 1:0.021611
8 1 9 3 4 7 10 0 2:0.02161
8 0 3 7 9 4 1 10 2:0.0216069
8 0 7 2 10 9 1 4 3:0.021606
10 8 0 4 9 2 3 1 7:0.02159
3 9 10 4 0 1 8 7 2:0.0215709
3 8 9 7 10 0 4 2 1:0.0215628
3 10 7 0 9 1 4 8 2:0.0215602
8 4 0 10 1 7 3 2 9:0.021522
8 0 7 2 10 9 3 4 1:0.0215149
10 3 1 2 8 7 9 4 0:0.021502
8 4 0 10 1 2 3 7 9:0.021486
8 0 3 7 1 10 9 2 4:0.0214851
10 1 4 7 3 8 9 0 2:0.0214829
10 8 0 4 9 2 1 7 3:0.0214708
8 1 9 3 4 7 0 10 2:0.0214601
8 0 7 2 10 3 4 9 1:0.0214372
8 0 7 1 4 2 10 9 3:0.02143
10 3 1 2 8 4 0 9 7:0.0214279
8 4 0 10 1 2 9 3 7:0.0214279
3 10 8 2 7 9 4 1 0:0.021405
8 9 10 3 2 7 4 0 1:0.0214031
8 0 7 1 4 2 3 9 10:0.0213962
8 1 9 3 2 4 7 0 10:0.021389
8 1 9 3 7 10 4 0 2:0.0213859
10 3 1 2 8 0 7 9 4:0.0213771
10 3 1 2 8 7 0 4 9:0.0213749
8 0 7 2 10 3 1 9 4:0.021363
8 1 9 3 7 10 4 2 0:0.0213621
8 9 0 10 7 4 2 1 3:0.0213511
8 4 0 10 2 7 9 3 1:0.0213289
8 0 7 2 3 4 1 10 9:0.0213079
8 9 0 10 7 4 3 1 2:0.021292
8 4 0 10 1 7 2 3 9:0.0212779
8 1 9 3 4 7 2 0 10:0.0212719
3 1 7 8 10 0 4 2 9:0.021271
10 3 1 7 8 0 4 9 2:0.0212679
8 1 3 0 9 10 2 7 4:0.0212488
10 3 1 0 7 9 8 4 2:0.021183
8 2 4 1 3 9 10 7 0:0.021178
3 8 9 7 10 1 0 2 4:0.0211711
8 1 9 3 2 7 0 10 4:0.0211689
8 0 7 2 10 3 4 1 9:0.021152
3 8 9 4 7 2 1 0 10:0.0211511
8 1 9 3 7 10 2 0 4:0.021131
8 9 0 1 3 10 4 7 2:0.021116
3 1 7 10 9 0 8 2 4:0.0210772
10 3 1 0 7 9 2 8 4:0.02107
8 0 3 7 1 4 2 9 10:0.02105
8 1 9 3 7 0 10 2 4:0.0210359
8 2 4 9 7 10 1 0 3:0.021024
10 8 0 4 9 1 2 3 7:0.0210199
10 3 1 0 7 9 4 8 2:0.021003
8 0 3 7 2 10 1 9 4:0.020999
10 3 1 2 8 7 9 0 4:0.0209911
10 3 1 0 7 2 9 4 8:0.020977
3 7 10 4 2 9 0 8 1:0.020973
8 0 3 7 1 10 2 4 9:0.020937
8 2 4 9 7 10 3 1 0:0.0209281
8 0 7 2 10 3 1 4 9:0.020925
8 2 4 9 7 10 0 3 1:0.0209241
3 8 9 4 7 0 2 1 10:0.02092
8 1 9 3 2 7 4 0 10:0.02092
10 3 1 0 7 9 4 2 8:0.020901
10 3 1 2 8 4 7 9 0:0.0208781
3 8 9 7 1 10 2 0 4:0.0208681
3 8 9 7 10 1 2 0 4:0.0208449
8 4 0 10 1 2 7 3 9:0.0207961
8 1 9 3 7 0 2 10 4:0.0207851
8 2 4 9 7 3 0 1 10:0.0207791
8 0 7 2 10 1 4 3 9:0.020776
8 7 1 3 9 2 4 0 10:0.020771
8 1 9 3 7 10 0 2 4:0.020767
8 9 0 1 3 10 4 2 7:0.02075
8 1 9 3 2 7 10 0 4:0.020746
10 3 1 0 7 2 4 9 8:0.0207331
8 1 9 3 7 0 10 4 2:0.0206881
8 0 7 2 10 1 9 3 4:0.020633
8 4 0 10 1 2 3 9 7:0.0206242
8 1 9 3 7 0 4 10 2:0.020618
10 3 1 2 8 4 7 0 9:0.020606
8 0 7 2 10 1 9 4 3:0.0206032
8 4 0 10 1 2 7 9 3:0.0205801
8 9 0 10 7 4 1 2 3:0.0205591
8 7 1 3 0 10 9 4 2:0.020541
8 0 7 2 10 1 4 9 3:0.0204871
10 3 1 0 7 2 8 9 4:0.0204811
3 8 9 7 1 10 0 4 2:0.0204139
3 8 9 4 7 2 10 0 1:0.0204041
8 9 0 10 7 4 1 3 2:0.020391
8 9 0 10 7 2 4 1 3:0.0203791
8 0 7 2 10 9 3 1 4:0.0203509
8 0 7 2 10 1 3 9 4:0.0203352
8 0 7 2 10 9 4 3 1:0.020329
8 0 7 2 3 10 9 1 4:0.020318
8 0 7 2 10 9 4 1 3:0.020313
8 0 7 2 10 1 3 4 9:0.020216
10 3 1 0 7 9 2 4 8:0.0202129
8 1 9 3 7 0 4 2 10:0.019814
