10 0 8 2 7 9 3 4 1:0.0211999
1 3 8 0 7 9 4 10 2:0.021179
1 3 8 0 7 2 9 10 4:0.021162
9 8 4 0 2 3 1 7 10:0.0211549
9 2 10 8 3 0 7 4 1:0.0211389
1 3 8 0 4 2 10 7 9:0.0211341
9 8 4 0 10 7 1 2 3:0.021101
1 10 0 8 2 4 3 7 9:0.021095
9 8 4 0 2 10 1 3 7:0.021081
1 3 8 0 4 9 10 7 2:0.021075
9 8 4 0 1 3 7 2 10:0.021035
1 3 8 0 7 2 10 4 9:0.0210299
9 4 0 8 2 3 1 7 10:0.021008
9 4 0 8 2 1 7 10 3:0.0210059
1 3 8 0 4 9 10 2 7:0.020988
1 3 8 0 7 2 9 4 10:0.0209439
9 8 4 0 2 10 3 7 1:0.0209341
9 8 4 0 1 10 7 3 2:0.020911
10 2 1 9 4 7 3 8 0:0.0208941
9 8 4 0 1 10 2 7 3:0.0208809
9 8 4 0 1 10 7 2 3:0.0208492
1 9 0 7 8 10 2 4 3:0.020843
10 4 2 3 0 1 9 7 8:0.0208311
9 8 4 0 2 10 1 7 3:0.0208251
1 3 8 0 4 7 9 2 10:0.020808
10 2 3 8 4 9 7 0 1:0.0208001
1 3 8 0 7 2 10 9 4:0.0207982
1 2 3 9 0 4 8 10 7:0.02073
9 8 4 0 10 7 1 3 2:0.0207219
1 3 8 0 4 9 2 10 7:0.020684
9 8 4 0 1 7 10 3 2:0.020669
1 3 8 0 7 9 4 2 10:0.020653
9 8 4 0 1 2 3 10 7:0.0205898
10 7 3 8 9 4 0 1 2:0.020586
1 3 8 0 4 9 2 7 10:0.0205789
1 3 8 0 7 9 10 4 2:0.020541
9 4 0 8 2 1 7 3 10:0.0205309
1 7 0 2 9 8 4 3 10:0.0205269
10 7 9 2 0 4 1 3 8:0.0205162
10 2 4 3 9 0 7 1 8:0.0205021
9 10 2 7 0 3 4 8 1:0.020489
1 9 0 4 7 2 3 8 10:0.0204411
10 7 3 8 9 4 0 2 1:0.0204282
1 9 0 4 7 2 8 3 10:0.0204151
9 8 4 0 1 7 3 2 10:0.0204
9 8 4 0 1 7 10 2 3:0.0203879
1 3 8 0 7 9 10 2 4:0.0203841
1 3 8 0 7 10 2 9 4:0.0203769
1 3 8 0 7 10 2 4 9:0.0203559
1 2 3 9 0 4 8 7 10:0.0203459
1 3 8 0 4 2 7 10 9:0.0203102
1 3 8 0 4 7 10 9 2:0.0202911
1 3 8 0 4 7 9 10 2:0.0202851
1 9 0 4 7 2 3 10 8:0.0202808
9 8 4 0 10 7 2 3 1:0.0202792
1 7 0 2 9 8 10 4 3:0.020251
9 4 0 8 2 1 10 3 7:0.0202498
9 4 0 8 2 3 7 10 1:0.0202389
9 4 0 8 2 3 1 10 7:0.0202382
1 3 8 0 7 10 4 9 2:0.020231
9 8 4 0 1 2 3 7 10:0.0202079
9 8 4 0 1 3 2 7 10:0.020179
9 8 4 0 1 2 10 3 7:0.020175
9 8 4 0 1 2 10 7 3:0.0201738
1 9 0 7 8 10 2 3 4:0.020165
9 4 0 8 2 10 7 1 3:0.0201499
1 7 0 2 9 8 4 10 3:0.020139
9 4 0 8 2 1 3 7 10:0.020128
9 10 0 3 8 4 2 1 7:0.0201271
9 10 0 3 8 4 1 7 2:0.0201111
1 3 8 0 4 7 10 2 9:0.0201101
1 3 8 0 4 7 2 10 9:0.0200832
1 9 0 7 8 3 10 4 2:0.0200801
1 3 8 0 7 10 4 2 9:0.020067
1 3 8 0 4 7 2 9 10:0.0200589
1 9 0 4 7 2 10 3 8:0.0200469
1 9 0 4 7 2 8 10 3:0.020035
9 8 4 0 10 7 2 1 3:0.0200341
1 3 8 0 7 10 9 4 2:0.0200341
10 2 1 9 4 7 3 0 8:0.0200272
9 8 4 0 1 10 2 3 7:0.020016
9 8 4 0 1 2 7 3 10:0.0199881
9 4 0 8 2 1 3 10 7:0.019978
1 9 0 7 8 3 2 4 10:0.019974
9 8 4 0 1 2 7 10 3:0.0199559
1 3 8 0 4 2 7 9 10:0.0199549
1 3 8 0 7 10 9 2 4:0.019912
9 10 0 3 8 4 2 7 1:0.0198879
1 9 0 7 8 10 3 2 4:0.0198781
9 4 0 8 2 3 7 1 10:0.0198669
9 8 4 0 1 7 3 10 2:0.0198588
10 7 3 8 9 4 2 1 0:0.0198169
9 4 0 8 2 1 10 7 3:0.01967
1 9 0 7 8 3 4 10 2:0.0196579
9 8 4 0 1 10 3 7 2:0.0196178
9 4 0 8 2 7 3 10 1:0.0195761
1 9 0 7 8 3 4 2 10:0.0195749
9 8 4 0 1 10 3 2 7:0.019511
1 9 0 7 8 10 3 4 2:0.0194192
1 7 0 2 9 3 8 10 4:0.0191109
