0 3 1 7 10 2 4 8 9:0.020854
2 10 1 3 9 7 0 4 8:0.020838
2 8 4 9 1 10 7 0 3:0.020818
2 8 4 9 1 10 3 7 0:0.020817
4 3 8 9 2 7 0 10 1:0.020813
2 10 1 8 3 9 0 4 7:0.020803
4 3 0 10 7 1 9 2 8:0.0207639
0 1 2 9 8 3 10 4 7:0.0207481
0 8 1 2 10 3 9 7 4:0.0207469
0 1 2 10 7 4 9 8 3:0.020745
0 3 9 10 7 4 2 1 8:0.020741
0 8 1 2 10 3 4 7 9:0.0207071
2 10 1 8 3 0 4 9 7:0.0207021
2 10 9 7 4 0 1 3 8:0.0206752
4 8 10 0 3 2 1 9 7:0.020663
4 3 8 9 2 1 0 10 7:0.0206339
4 3 8 9 2 7 1 10 0:0.020633
2 8 4 9 1 7 3 0 10:0.0206261
2 9 3 4 7 8 10 1 0:0.0205941
2 3 0 10 9 7 8 1 4:0.0205719
0 7 8 4 3 2 1 10 9:0.0205669
2 10 9 7 4 0 1 8 3:0.0205641
0 1 2 10 7 4 9 3 8:0.02056
0 8 1 2 10 7 3 4 9:0.0205541
0 3 9 1 8 2 10 4 7:0.0205529
2 8 4 9 1 7 10 3 0:0.02055
2 10 1 8 3 0 4 7 9:0.0205331
2 10 1 8 3 0 9 4 7:0.0205221
2 8 4 9 10 7 0 3 1:0.0204999
0 1 2 10 7 4 3 8 9:0.020493
2 3 1 8 9 0 7 4 10:0.0204699
4 8 10 0 3 1 2 9 7:0.0204661
0 4 10 8 1 3 2 7 9:0.020437
4 3 8 9 2 0 7 1 10:0.020437
2 10 1 8 3 9 7 4 0:0.0204329
0 7 4 9 2 10 8 1 3:0.0204251
2 8 4 9 1 0 7 3 10:0.0204141
2 8 4 9 1 7 0 10 3:0.020411
2 10 1 8 3 0 9 7 4:0.0204082
0 3 9 1 8 10 7 2 4:0.0204058
0 3 9 1 8 10 4 2 7:0.0204041
2 8 4 9 10 7 1 3 0:0.020391
0 3 9 1 8 2 4 10 7:0.020386
0 7 4 9 2 3 1 10 8:0.0203772
4 3 8 9 2 7 10 0 1:0.020371
0 8 1 2 10 9 4 7 3:0.020371
2 8 4 9 1 7 0 3 10:0.0203681
2 3 0 10 9 4 1 7 8:0.020364
2 8 4 9 0 3 1 7 10:0.0203521
0 3 9 10 7 4 1 2 8:0.0203352
0 8 1 2 10 9 7 3 4:0.02033
2 8 4 9 1 10 3 0 7:0.0203202
2 8 4 9 0 3 7 10 1:0.0203118
2 8 4 9 1 3 7 0 10:0.0203061
2 10 9 7 4 0 3 1 8:0.0202899
0 3 7 4 8 10 1 2 9:0.020262
0 3 9 1 8 2 4 7 10:0.020257
2 8 4 9 1 3 7 10 0:0.0202451
0 1 2 10 7 4 8 9 3:0.020237
2 10 1 8 3 9 4 0 7:0.0202348
2 3 0 10 9 7 8 4 1:0.020231
0 1 2 10 7 4 8 3 9:0.020225
0 3 9 1 8 2 10 7 4:0.0202188
0 8 1 2 10 9 3 4 7:0.0202019
2 8 4 9 10 7 1 0 3:0.0201919
2 8 4 9 0 3 10 1 7:0.020184
2 10 1 8 3 9 4 7 0:0.0201821
2 9 3 4 0 7 1 8 10:0.0201719
0 8 1 2 10 3 4 9 7:0.0201678
2 10 1 8 3 9 7 0 4:0.0201619
4 3 8 9 2 0 10 7 1:0.0201559
2 10 1 8 3 0 7 9 4:0.0201411
2 8 4 9 10 7 0 1 3:0.0201399
4 3 8 9 2 1 0 7 10:0.0201361
0 8 1 2 10 4 9 3 7:0.020124
0 8 1 2 10 7 9 3 4:0.0201092
0 2 9 3 4 1 7 8 10:0.020107
0 1 4 9 7 2 3 8 10:0.0200441
0 8 1 2 10 4 3 7 9:0.020035
0 1 2 10 7 4 3 9 8:0.0200272
4 3 8 9 7 10 1 2 0:0.020026
4 3 8 9 7 10 2 0 1:0.0200129
0 3 9 1 8 4 10 2 7:0.020004
0 3 9 1 8 4 10 7 2:0.0199242
2 10 9 7 4 1 0 3 8:0.0199111
0 3 9 1 8 2 7 4 10:0.0198951
0 8 1 2 10 3 7 4 9:0.019892
4 3 8 9 2 0 1 10 7:0.0198581
4 3 8 9 2 0 10 1 7:0.0198531
0 3 9 10 7 4 2 8 1:0.019835
0 8 1 2 10 9 4 3 7:0.0197921
0 8 1 2 10 9 3 7 4:0.019789
2 3 0 10 9 4 7 1 8:0.019778
2 9 3 4 7 8 10 0 1:0.0197651
4 3 8 9 2 0 1 7 10:0.0197439
0 3 9 1 8 10 7 4 2:0.019702
0 3 9 1 8 2 7 10 4:0.0196249
4 3 8 9 2 0 7 10 1:0.019521
2 3 0 10 9 4 7 8 1:0.0191891
4 3 8 9 7 10 0 1 2:0.01913
