7 1 4 9 10 2 8 0 3:0.0216241
4 7 2 1 3 8 0 10 9:0.0216112
7 9 4 0 3 1 2 10 8:0.02158
7 8 2 3 10 0 1 9 4:0.0215659
4 1 9 7 2 10 0 3 8:0.0215008
4 9 7 0 3 2 10 8 1:0.021498
7 10 3 4 2 8 9 1 0:0.0214901
4 0 8 1 9 10 7 2 3:0.021466
7 3 10 2 8 9 1 0 4:0.0214419
7 9 10 3 0 1 8 2 4:0.021426
4 1 9 7 0 3 8 10 2:0.021414
7 1 10 0 8 2 4 9 3:0.0214071
7 8 2 3 10 1 4 9 0:0.0214021
7 3 10 1 2 4 0 8 9:0.0213821
7 4 2 0 1 10 8 3 9:0.021363
7 2 4 8 1 10 3 0 9:0.0213599
7 9 10 3 0 1 2 4 8:0.0213592
7 0 10 3 1 8 4 9 2:0.0213571
7 0 2 9 3 1 4 8 10:0.0213559
7 4 2 1 3 9 0 10 8:0.0213521
7 10 4 0 8 9 2 1 3:0.021343
7 10 2 1 9 4 3 0 8:0.0212691
4 1 9 7 0 8 2 10 3:0.02124
7 0 10 2 1 4 8 3 9:0.02123
7 0 10 4 9 3 2 8 1:0.0212159
4 0 1 3 7 10 9 2 8:0.0212061
4 0 8 1 9 10 7 3 2:0.0211918
7 3 10 2 8 9 4 0 1:0.0211751
7 3 10 2 8 9 0 1 4:0.0211749
7 9 10 3 1 4 8 2 0:0.0211191
7 4 2 0 1 9 3 10 8:0.0210979
7 0 2 9 4 8 3 1 10:0.0210969
7 10 2 8 3 1 0 9 4:0.0209911
7 8 2 3 10 1 9 4 0:0.0209589
4 1 10 9 8 3 0 2 7:0.0209041
7 10 2 1 0 8 3 9 4:0.0209022
7 1 4 9 10 0 3 8 2:0.0208771
7 2 4 1 3 10 0 9 8:0.020854
7 0 10 2 1 4 3 8 9:0.0208452
7 1 10 0 8 9 4 3 2:0.020824
7 8 2 3 10 4 0 1 9:0.0208139
4 2 8 7 3 1 10 0 9:0.0208011
4 7 10 9 0 1 2 8 3:0.020793
7 4 2 0 1 10 3 9 8:0.0207601
7 2 9 8 1 3 4 10 0:0.0207582
7 4 2 0 1 9 8 10 3:0.0207419
7 10 2 1 0 8 4 3 9:0.020721
4 2 8 7 3 1 0 9 10:0.0206809
4 2 8 7 3 9 0 1 10:0.0206618
7 8 10 1 0 3 9 4 2:0.0206418
7 10 2 1 0 3 8 9 4:0.020638
7 8 2 3 10 0 4 9 1:0.020607
7 8 2 3 9 10 1 0 4:0.0205829
7 8 2 3 10 1 0 9 4:0.020565
7 0 10 2 4 8 9 3 1:0.0204899
4 2 1 7 10 0 3 9 8:0.0204771
4 2 8 7 3 1 0 10 9:0.020452
4 2 8 7 3 1 9 10 0:0.0204082
7 8 2 3 10 4 9 0 1:0.0203788
7 8 2 3 9 10 1 4 0:0.02035
7 8 10 1 0 9 3 2 4:0.0203102
4 2 8 7 3 0 10 9 1:0.020308
7 2 4 1 3 10 0 8 9:0.020288
4 2 8 7 3 1 9 0 10:0.0202758
7 8 10 1 0 9 2 3 4:0.020231
7 8 2 3 9 1 0 4 10:0.0202241
7 2 9 8 1 10 4 0 3:0.0200789
7 2 9 8 1 10 4 3 0:0.0200531
7 8 10 1 0 9 4 2 3:0.0199828
7 2 9 8 1 10 3 4 0:0.019969
7 3 10 2 8 1 4 0 9:0.0199459
7 3 10 2 8 0 1 4 9:0.019943
7 1 10 0 8 4 3 2 9:0.0199151
7 8 2 3 10 4 0 9 1:0.019887
7 8 2 3 10 4 1 0 9:0.019865
7 2 10 9 3 8 4 0 1:0.0198619
7 3 10 2 8 0 1 9 4:0.0198388
7 8 2 3 9 0 10 4 1:0.0198131
7 8 2 3 10 4 1 9 0:0.0197821
7 3 10 2 8 0 9 4 1:0.019773
7 3 10 2 8 0 9 1 4:0.0197341
7 3 10 2 8 1 0 9 4:0.019722
7 2 9 8 1 10 0 3 4:0.0197041
4 2 8 7 3 0 10 1 9:0.0197001
7 8 2 3 9 1 4 10 0:0.019695
7 8 2 3 9 0 1 10 4:0.019629
7 8 2 3 9 1 4 0 10:0.019577
7 3 10 2 8 0 4 9 1:0.019491
7 2 9 8 1 10 0 4 3:0.01949
7 8 2 3 9 0 10 1 4:0.0193841
7 3 10 2 8 0 4 1 9:0.0192869
7 8 2 3 9 1 10 0 4:0.0192618
7 8 2 3 9 1 0 10 4:0.0191469
7 8 2 3 9 10 0 4 1:0.019141
7 8 2 3 9 1 10 4 0:0.0190959
7 8 2 3 9 10 4 1 0:0.019016
7 8 2 3 9 10 0 1 4:0.018966
7 8 2 3 9 10 4 0 1:0.018913
7 3 10 2 8 4 9 1 0:0.0187778
7 3 10 2 8 4 9 0 1:0.0187762
